1.1	 Θεὸν νοῆσαι μὲν χαλεπόν, φράσαι δὲ ἀδύνατον ᾧ καὶ νοῆσαι δυνατόν. τὸ γὰρ [ἀσώματον σώματι σημῆναι ἀδύνατον, καὶ τὸ] τέλειον τῷ ἀτελεῖ καταλαβέσθαι ⎡οὐ δυνατόν⎤, καὶ τὸ ἀίδιον τῷ ὀλιγοχρονίῳ συγγενέσθαι δύσκολον. τὸ μὲν γὰρ ἀεί ἐστι, τὸ δὲ παρέρχεται· καὶ τὸ μὲν ἀληθές ἐστι, τὸ δὲ ὑπὸ φαντασίας ⎡σκιάζεται⎤. [ὅσον οὖν τὸ ἀσθενέστερον τοῦ ἰσχυροτέρου καὶ τὸ ἔλαττον τοῦ κρείττονος διέστηκε,] τοσοῦτον ⟨διέστηκε⟩ τὸ θνητὸν τοῦ θείου. 
1.2	ἡ δὲ μέση τούτων διάστασις ἀμαυροῖ τὴν τοῦ καλοῦ θέαν. ὀφθαλμοῖς μὲν γὰρ τὰ σώματα θεατά [γλώττῃ δὲ τὰ ὁρατὰ λεκτά]· τὸ δὲ ἀσώματον καὶ ἀφανὲς καὶ ἀσχημάτιστον καὶ μὴ ἐξ ὕλης ⎡ὑποκείμενον⎤ ὑπὸ τῶν ἡμετέρων αἰσθήσεων καταληφθῆναι οὐ δύναται. ⎡ἐννοοῦμαι, ὦ Τάτ, ἐννοοῦμαι ὃ ἐξειπεῖν ἀδύνατον· τοῦτο ἔστιν ὁ θεός.⎤ 
2a.1	Περὶ ἀληθείας, ὦ Τάτ, οὐκ ἔστι δυνατὸν ⟨κατ᾽ ἀξίαν εἰπεῖν⟩ ἄνθρωπον ὄντα, ζῷον ἀτελές, ἐξ ἀτελῶν συγκείμενον μερῶν, καὶ ἐξ ἀλλοτρίων σωμάτων καὶ πολλῶν τὸ σκῆνος ⟨ἔχοντα⟩ συνεστός [τολμήσαντα εἰπεῖν]· ὃ δέ ἐστι δυνατόν [ἢ δίκαιον], τοῦτο φημί, ἀλήθειαν εἶναι ἐν μόνοις τοῖς ἀιδίοις [σώμασιν] ⟨...⟩ ⎡ων⎤. 
2a.2	καὶ τὰ ⟨ἀίδια⟩ σώματα αὐτὰ ⟨μὲν καθ᾽ αὑτὰ⟩ ἀληθῆ ἐστι, πῦρ αὐτόπυρ [μόνον καὶ οὐδὲν ἄλλο], γῆ αὐτόγη [καὶ οὐδὲν ἄλλο], ἀὴρ αὐτοάηρ, ὕδωρ αὐτοΰδωρ [καὶ οὐδὲν ἄλλο]. τὰ δὲ ἡμέτερα σώματα ἐκ πάντων τούτων συνέστηκεν· ἔχει μὲν γάρ ⟨τι⟩ πυρός, ἔχει δὲ καὶ γῆς [ἔχει] καὶ ὕδατος καὶ ἀέρος· καὶ οὔτε πῦρ ἐστιν ⟨ἐν αὐτοῖς ἀληθὲς⟩ οὔτε γῆ οὔτε ὕδωρ οὔτε ἀήρ, οὔτε οὐδὲν ἀληθές. εἰ δὲ μὴ τὴν ἀρχὴν ἡ σύστασις ἡμῶν ἔσχε τὴν ἀλήθειαν, πῶς ἂν δύναιτο ἀλήθειαν ἢ ἰδεῖν ἢ εἰπεῖν; [νοῆσαι δὲ ⟨δυνατὸν⟩ μόνον ἐὰν ὁ θεὸς θέλῃ.] 
2a.3	πάντα οὖν, ὦ Τάτ, τὰ ἐπὶ γῆς ἀληθ῀Η μὲν οὐκ ἔστι· τῆς δὲ ἀληθείας μιμήματα [καὶ] οὐ πάντα, ὀλίγα δέ. [ταῦτα] ⟨τὰ δὲ⟩ ἄλλα ψεῦδος καὶ πλάνος, ὦ Τάτ, [καὶ δόξαι,] ⟨ἐκ⟩ φαντασίας [καθάπερ εἰκόνες συνεστῶτα. 
2a.4	ὅταν δ᾽ ἄνωθεν τὴν ἐπίρροιαν ἔχῃ ἡ φαντασία, τῆς ἀληθείας γίγνεται μίμησις. χωρὶς δὲ τῆς ἄνωθεν ἐνεργείας, ψεῦδος καταλείπεται· καθάπερ καὶ ἡ εἰκὼν [[τὸ [[μὲν]] σῶμα]] ⟨ἡ ἐν⟩ τ῀ιΗ γραφ῀ιΗ δείκνυσι ⟨⟨μὲν⟩⟩ [[αὐτὴ δὲ οὐκ ἔστι σῶμα]] κατὰ [τὴν] φαντασίαν ⟨⟨τὸ σῶμα⟩⟩ τοῦ ὁρωμένου, ⟨⟨αὐτὴ δὲ οὐκ ἔστι σῶμα.⟩⟩ καὶ ὀφθαλμοὺς μὲν ὁρᾶται ἔχουσα, βλέπει δὲ οὐδέν· ⟨καὶ ὦτα,⟩ ἀκούει δὲ οὐδὲν ὅλῶς· καὶ τὰ ἄλλα πάντα ἔχει μὲν ἡ γραφή, ψευδῆ δέ [ἐστι], τὰς τῶν ὁρώντων ὄψεις ἐξαπατῶντα, τῶν μὲν δοκούντων ἀληθ῀Η ὁρᾶν, τῶν δὲ ὡς ἀληθῶς ὄντων ψευδῶν. 
2a.5	ὅσοι μὲν οὖν ⎡οὐ⎤ ⟨...⟩, ψεῦδος ὁρῶσιν· ⟨ὅσοι δὲ...⟩, ἀλήθειαν ὁρῶσιν. ἐὰν οὖν ἕκαστον τούτων οὕτω νοῶμεν ἢ ὁρῶμεν ὡς ἔστιν, ἀληθῆ καὶ νοοῦμεν καὶ ὁρῶμεν· ἐὰν δὲ παρὰ τὸ ὄν, οὐδὲν ἀληθὲς οὔτε νοήσομεν οὔτ᾽ ὀΨόμεθα. 
2a.7x	⟨⟨⎡οὕτως⎤ ἀληθὲς οὐδὲν εἶΝαι ἐν τῇ γῇ νοῶ⟨ν⟩ καὶ λέγω⟨ν⟩ [φαντασίαι εἰσὶ καὶ δόξαι πάντα] ἀληθῆ νοῶ καὶ λέγαωὐκ οὖν τὸ [τε] ἀληθῆ νοεῖν καὶ λέγειν, τοῦτο ἀλήθειαν δεῖ καλεῖν;—Τί δαί;⟩⟩— 
2a.6	—Ἔστιν οὖν, ⟨ὦ⟩ πάτερ, ἀλήθεια καὶ ἐν τῇ γῇ. [[καὶ οὐκ ἀσκόπως]]—Σφάλλῃ, ὦ τέκνον. ἀλήθεια μὲν οὐδαμῶς ἐστιν ἐν τῇ γῇ, ὦ Τάτ, οὔτε γενέσθαι δύναται· περὶ δὲ ἀληθείας ⟨ἀληθῆ⟩ νοῆσαι ἐνίους τῶν ἀνθρώπων, [οἷς ἐὰν ὁ θεὸς τὴν θεοπτικὴν δωρήσηται δύναμιν,] [γενέσθαι] ⟨οὐδὲν κωλύει·⟩ 
2a.7	[[οὕτως ἀληθὲς οὐδὲν ἔστιν ἐν τῇ γῇ. νοῶ καὶ λέγω. φαντασίαι εἰσὶ καὶ δόξαι πάντα. ἀληθῆ νοῶ καὶ λέγω. —Οὐκ οὖν τό τε ἀληθῆ νοεῖν καὶ λέγειν, τοῦτο ἀλήθειαν δεῖ καλεῖν; —Τί δαί;]]
2a.8	[τὰ ὄντα [δεῖ] νοεῖν καὶ λέγειν] [ἔστι δὲ οὐδὲν ἀληθὲς ἐπὶ τῆς γῆς] ⟨⟨καὶ οὐκ ἀσκόπως⟩⟩ ⟨εἶπον ὅτι⟩ τοῦτο ἀληθές ἐστι, τὸ μὴ εἶ[δε]ναι μηδὲν ἀληθὲς ἐνθάδε.
2a.9	πῶς ἂν καὶ δύναιτο ⟨ἀληθές τι ἐνθάδε⟩ γενέσθαι, ὦ τέκνον; ἡ γὰρ ἀλήθειά [τελεωτάτη ἀρετή] ἐστιν αὐτὸ τὸ ἄκρατον ἀγαθόν, τὸ μὴ ὑπὸ ὕλης θολούμενον μήτε ὑπὸ σώματος περιβαλλόμενον, γυμνὸν φανόν, ἄτρεπτον [σεμνὸν] ἀναλλοίωτον [ἀγαθόν]. τὰ δὲ ἐνθάδε, ὦ τέκνον, οἷά ἐστιν ὁρᾷς, ἄδεκτα [τούτου] τοῦ ἀγαθοῦ, φθαρτὰ παθητὰ διαλυτὰ τρεπτά, ἀεὶ ἐναλλοιούμενα, ἄλλα ἐξ ἄλλων γινόμενα. 
2a.10	ἃ οὖν μηΔὲ πρὸς ἑαυτὰ ἀληθῆ ἐστι, πῶς δύναιτο ἀληθῆ εἶναι; πᾶν γὰρ τὸ ἀλλοιούμενον ψεῦδός ἐστι, μὴ μένον ἐν ᾧ ἐστι, φαντασίας δὲ [μετατρεπόμενον] ἄλλας καὶ ἄλλας ἐπιδεικνύΜΕΝΟΝ [ἡμῖν]. 
2a.16x	⟨⟨[τὸ δὲ ψεῦδος, ὦ τέκνον, φθείρεται.] πάντα δὲ τὰ ἐπὶ γῆς φθορὰ κατέλαβε [καὶ ἐμπεριέχει καὶ ἐμπεριέξει ἡ τοῦ ἀληθοῦς πρόνοια]· χωρὶς γὰρ φθορᾶς οὐδὲ γένεσις δύναται ⎡συστῆναι⎤. [πάσῃ δὲ γενέσει φθορὰ ἕπεται, ἵνα πάλιν γένηται ⟨πάντα⟩.] τὰ γὰρ γιγνόμενα ἐκ τῶν φθειρομένων ἀνάγκη γίγνεσθαι· φθείρεσθαι δὲ τὰ γιγνόμενα ἀνάγκη, ἵνα μὴ στῇ ἡ γένεσις [τῶν ὄντων]. [πρῶτον τοῦτον δημιουργὸν γνώριζε] [εἰς τὴν γένεσιν τῶν ὄντων.] τὰ οὖν ἐκ φθορᾶς γινόμενα ψευδῆ ἂν εἴη, ὡς ποτὲ μὲν ἄλλα ποτὲ δὲ ἄλλα γινόμενα. τὰ γὰρ αὐτὰ ⟨πάλιν⟩ γίνεσθαι ⟨ἀ⟩δύνατον· τὸ δὲ μὴ ⟨τ⟩αὐτὸ ⟨ὂν⟩ πῶς ἂν ἀληθὲς εἴη;⟩⟩ 
2a.18x	⟨⟨μεταβαλλόμενα δὲ ψεύδεται [καὶ τὰ προόντα καὶ] τὰ ὄντα. ταῦτα μέντοι οὕτω νόει, ὦ τέκνον, ὡς καὶ τῶν ψευδῶν τούτων [ἐνεργειῶν] ἄνωθεν ἠρτημένων ἀπ᾽ αὐτῆς τῆς ἀληθείας· τούτου δὲ οὕτως ἔχοντος, τὸ ψεῦδός φημι τῆς ἀληθείας ἐνέργημα εἶναι.⟩⟩_
2a.11	Οὐδὲ ἄνθρωπος ἀληθής ἐστιν, ὦ πάτερ;—Καθότι ἄνθραωπος, οὐκ ἔστιν ἀληθής, ὦ τέκνον. τὸ γὰρ ἀληθές ἐστι ⟨τὸ⟩ [καὶ] ἐξ αὑτοῦ μόνου τὴν σύστασιν ἔχον, καὶ μένον καθ᾽ αὑτὸ οἷον ἐστίν· ὁ δὲ ἄνθρωπος ἐκ πολλῶν συνέστηκε, καὶ οὐ μένει καθ᾽ αὑτόν, τρέπεται δὲ καὶ μεταβάλλεται ⟨εἰς⟩ ἡλικίαν ἐξ ἡλικίας καὶ ἰδέαν ἐξ ἰδέας [καὶ ταῦτα ἔτι ὢν ἐν τῷ σκήνει]. καὶ πολλοὶ τέκνα οὐκ ἐγνώρισαν χρόνου ὀλίγου μεταξὺ γενομένου, καὶ πάλιν τέκνα γονεῖς ὁμοίως. 
2a.12	τὸ οὖν οὕτως μεταβαλλόμενον ὥστε ἀγνοεῖσθαι, ⟨πῶς⟩ δύναται ἀληθὲς εἶναι, ὦ Τάτ; οὐ τοὐναντίον ψεῦδός ἐστιν, ἐν ποικίλαις γινομένων φαντασίαις τῶν μεταβολῶν; σὺ δῊ νόει ἀληθὲς [τι] εἶναι [[τὸ]] μόνον ⟨⟨τὸ⟩⟩ [ἀίδιον] ⟨ἀεὶ ὄν⟩. ὁ δὲ ἄνθρωπος οὐκ ἔστιν ἀεί· ἄρα οὐδὲ ἀληθές ἐστι, φαντασία δέ [ἐστι] τις [ἄνθρωπος]. 
2a.17x	⟨⟨φαντασίας οὖν καλεῖν δεῖ [ταῦτα] ⟨⟨τοῪϲ ἀνθρώποΥϲ⟩⟩, ὦ τέκνον, εἴ γε ὀρθῶς προσαγορεύομεν [[τὸν ἄνθρωπον]] [ἀνθρωπότητος φαντασίαν], τὸ [δὲ] ⟨μὲν⟩ παιδίον παιδίου φαντασίαν, τὸν δὲ νεανίσκον νεανίσκου φαντασίαν, τὸν δὲ ἄνδρα ἀνδρὸς φαντασίαν, τὸν δὲ γέροντα γέροντος φαντασίαν· οὔτε γὰρ [ὁ ἄνθρωπος ἄνθρωπος οὔτε] τὸ παιδίον παιδίον ⟨μένει⟩, οὔτε ὁ νεανίσκος νεανίσκος, οὔτε ὁ ἀνὴρ ἀνήρ, οὔτε ὁ γέρων γέρων.⟩⟩ ἡ δὲ φαντασία ψεῦδος ἂν εἴη [ἀκρότατον].—
2a.13	Οὐδὲ ταῦτα οὖν, ὦ πάτερ, τὰ ἀίδια σώματα [[ἐπεὶ μεταβάλλεται] ἀληθῆ ἐστι⟨ν⟩; ⟨⟨ἐπεὶ μεταβάλλεται⟩⟩ ⟨καὶ ταῦτα.⟩ —Πᾶν μὲν οὖν τὸ [γεννητὸν καὶ] μεταβλητὸν οὐκ ἀληθές· [[ὑπὸ δὲ τοῦ προπάτορος γενόμενα τὴν ὕλην δύναται ἀληθῆ ἐσχηκέναι·]] ἔχει δέ τι καὶ ταῦτα ψεῦδος ἐν τῇ μεταβολῇ· οὐδὲν γάρ, μὴ μένον ἐφ’ αὑτῷ, ἀληθές ἐστιν. ⟨⟨ὑπὸ δὲ τοῦ προπάτορος ⟨ἄφθαρτα⟩ γενόμενα, τὴν⎡ὕλην⎤δύναται ἀληθῆ ἐσχηκέναι.⟩⟩—
2a.14	⟨⟨Τί οὖν ἂν εἴποι τις⟩⟩ ἀληθές, ὦ πάτερ [[τί οὖν ἂν εἴποι τις]];—Μόνον τὸν ἥλιον, παρὰ τὰ ἄλλα πάντα μὴ μεταβαλλόμενον, μένοντα δὲ ἐφ’ αὑτῷ, ἀλήθειαν]. διὸ καὶ τὴν ⟨τῶν⟩ ἐν τῷ κόσμῳ πάντων δημιουργίαν αὐτὸς μόνος πεπίστευται, ἄρχων πάντων καὶ ποιῶν πάντα. ὃν καὶ σέβομαι, καὶ προσκυνῶ αὐτοῦ τὴν ἀλήθειαν, μετὰ τὸν ἕνα καὶ πρῶτον ⟨θεὸν⟩ τοῦτον δημιουργὸν γνωρίζω⟨ν⟩.—
2a.15	Τί οὖν ἂν εἴποι τις ⟨τις ἀληθὲς⟩ τὴν πρώτην ἀλήθειαν, ὦ πάτερ; —Ἕνα καὶ μόνον, ὦ Τάτ, τὸν μὴ ἐξ ὕλης, τὸν μὴ ἐν σώματι· τὸν ἀχρώματον, τὸν ἀσχμάτιστον· τὸν ἄτρεπτον, τὸν μὴ ἀλλοιούμενον· τὸν ἀεὶ ὄντα.—
2a.16	[[τὸ δὲ ψεῦδος . . . ἀληθὲς εἴη;]] Vide post § 10.
2a.17	[[φαντασίας οὖν . . . γέρων γέρων.]] Vide post § 12.
2a.18	[[μεταβαλλόμενα δὲ . . . ἐνέργημα εἶναι.]] Vide ante § 11.
2b.1	ἐγὼ [ὦ τέκνον] καὶ τῆς φιλανθρωπίας ἕνεκα καὶ τῆς πρὸς τὸν θεὸν εὐσεβείας ⎡πρῶτον τόδε συγγράφω⎤. οὐδεμία γὰρ ἂν ⎡γένοιτο δικαιοτιάτη εὐσέβεια [ἢ] τοῦ νοῆσαι τὰ ὄντα καὶ χάριν τῷ ποιήσαντι ὑπὲρ τούτων ὁμολογῆσαι· ὅπερ διατελῶν οὐ παύσομαι. 
2b.2	Τί οὖν ἄν τις πράττων, ὦ πάτερ, εἰ μηδέν ἐστιν ἀληθὲς ἐνθάδε, καλῶς διαγάγοι τὸν βίον;—ΕὐσεβῶΝ, ὦ τέκνον. ὁ δὲ εὐσεβ⟨εῖν ζητ⟩ῶν [ἄκρως] φιλοσοφήσει. χωρὶς γὰρ φιλοσοφίας [[ἄκρως]] εὐσεβῆσαι ἀδύνατον· ὁ δὲ μαθὼν οἷά ἐστι ⟨τὰ ὄντα⟩, καὶ πῶς διατέτακται, καὶ ὑπὸ τίνος, καὶ ἕνεκεν τίνος, χάριν εἴcεται ὑπὲρ πάντων τῷ δημιουργῷ ὡς πατρὶ ἀγαθῷ καὶ τροφεῖ χρηστῷ καὶ ἐπιτρόπῳ πιστῷ· ὁ δὲ χάριν ὁμολογῶν εὐσεβήσει. 
2b.3	ὁ δὲ ⟨⟨ἄκρως⟩⟩ φιλοσοφῶν ⟨μαθ⟩Ήσεται καὶ ποῦ ἐστιν ἡ ἀλήθεια καὶ τίς ἐστιν ἐκείνη· καὶ μαθών, ἔτι μᾶλλον εὐσεβέστερος ἔσται, ⟨⟨καὶ οὐκέτι ἀποστῆναι δυν⟨ήσ⟩εται τοῦ ἀγαθοῦ.⟩⟩ οὐδέποτε γάρ, ὦ τέκνον, ψυχὴ [ἐν σώματι οὖσα καὶ] κουφίσασα ἑαυτὴν ἐπὶ τὴν κατάληψιν τοῦ ὄντως ἀγαθοῦ καὶ ἀληθοῦς ὀλισθῆσαι δύναται ἐπὶ τὸ ἐναντίον· δεινὸν γὰρ ἐρῶτα ἴσχει καὶ λήθην πάντων τῶν κακῶν ψυχὴ μαθοῦσα ἑαυτῆς τὸν προπάτορα. [[καὶ οὐκέτι ἀποστῆναι δύναται τοῦ ἀγαθοῦ.]] 
2b.4	το⟨ῦ⟩το, ⟨ὦ⟩ τέκνον, τοῦτο εὐσεβείας ἐστὶ τέλος· ἐφ᾽ ὃ ἀφικ[ν]ό[υ]μενος καὶ καλῶς βιώσῃ, καὶ εὐδαιμόνως τεθνήξῃ, τῆς ψυχῆς σου μὴ ἀγνοούσης ποῦ αὐτὴν δεῖ ἀναπτῆναι. 
2b.5	⟨...⟩ αὕτη γὰρ μόνη ἐστίν, ὦ τέκνον, [ἡ] πρὸς ἀλήθειαν ὁδός· ἣν καὶ οἱ ἡμέτεροι πρόγονοι ὥδευσαν, καὶ ὁδεύσαντες ἔτυχον τοῦ ἀγαθοῦ. σεμνὴ αὕτη ὁδὸς καὶ ⎡λεία⎤, χαλεπὴ δὲ ψυχῇ ὁδεῦσαι ἐν σώματι οὔσῃ. πρῶτον [μὲν] γὰρ αὐτὴν ἑαυτῇ πολεμῆσαι δεῖ, καὶ [δια]στάσιν μεγάλην ποιῆσαι, καὶ ὑπὸ τοῦ ἑνὸς μέρους ⟨τὰ⟩ πλέω νικηθῆναι. ἑνὸς γὰρ γίγνεται πρὸς δύο ἡ [συ]στάσις, τοῦ μὲν ⟨ἄνω⟩ ϲΠεύΔοντος, τῶν δὲ καθελκόντων κάτω· καὶ ἔρις καὶ μάχη πολλὴ πρὸς ἄλληλα τούτων γίγνεται [τοῦ μὲν φυγεῖν βουλομένου, τῶν δὲ κατασχεῖν σπευδόντων]. 
2b.7	ἡ δὲ νίκη ἀμφοτέρων οὐχ ὁμοία· τὸ μὲν γὰρ πρὸς τὸ ἀγαθὸν σπεύδει, τὰ δὲ πρὸς τὰ κακὰ κατοικεῖ· καὶ τὸ μὲν ἐλευθερωθῆναι ποθεῖ, τὰ δὲ τὴν δουλείαν ἀγαπᾷ. κἂν μὲν νικηθῇ τὰ δύο μέρη, μεμένηκεν ⟨ἑφ᾽⟩ ἑαυτῶ⟨ν⟩ Ἠρεμα⟨ῖα⟩ καὶ τοῦ ἄρχοντος ⟨ὑπήκοα⟩· ἐὰν δὲ τὸ ἓν ἡττηθῇ, ὑπὸ τῶν δύο ἄγεται καὶ φέρεται, τιμωρούμενοΝ τῇ ἐνθάδε διαίτῃ. 
2b.8	οὗτός ἐστιν [ὦ τέκνον] ὁ ⟨περὶ⟩ τῆς ἐκεῖσε ὁδοῦ ἀγώΝ[ος]· δεῖ γάρ σε, ὦ τέκνον, πρῶτον [τὸ σῶμα [πρὸ τοῦ τέλους] ἐγκαταλεῖψαι, καὶ] νικῆσαι ⎡τὸν ἐναγώνιον βίον⎤, καὶ νικήσαντα, οὕτως ἀνελθεῖν.
3.1	[[ἐνέργειαι γάρ, ὦ Τάτ, ἀσώματοι αὐταὶ οὖσαι, ἐν σώμασίν εἰσι, καὶ διὰ τῶν σωμάτων ἐνεργοῦσι. διόπερ, ὦ Τάτ, καθότι ἀσώματοί εἰσι, καὶ ἀθανάτους αὐτὰς φὴς εἶναι· καθότι δὲ χωρὶς σωμάτων ἐνεργεῖν οὐ δύνανται, φημὶ αὐτὰς εἶναι ἀεὶ ἐν σώματι.]] 
3.2	[τὰ γὰρ πρός τι ἢ ἕνεκά τινος γενόμενα προνοίᾳ καὶ ἀνάγκῃ ὑποπεπτωκότα.] 
3.3	[ἀδύνατον ἀργά ποτε μεῖναι τῆς ἰδίας ἐνεργείας. τὸ γὰρ ὂν ἀεὶ ἔσται. τοῦτο γὰρ αὐτοῦ καὶ σῶμα καὶ ζωή ἐστι.] 
3.4	[[τούτῳ τῷ λόγῳ ἕπεται τὸ καὶ ἀεὶ τὰ σώματα εἶναι. διὸ καὶ αὐτὴν τὴν σωμάτωσίν φημι ἀιδίαν ἐνέργειαν εἶναι. εἰς γὰρ σώματα ἐπίγεια διαλυτά, σώματα δὲ δεῖ εἶναι, τόπους καὶ ὄργανα τῶν ἐνεργειῶν ταῦτα, αἱ δὲ ἐνέργειαι ἀθάνατοι, τὸ δὲ ἀθάνατον ἀεὶ ἔστιν, ἐνέργεια καὶ ἡ σωματοποίησις, εἴ γε ἀεὶ ἔστι.]] 
3.5	[[παρέπονται δὲ τῇ ψυχῇ οὐκ ἀθρόως παραγιγνόμεναι ἀλλὰ τινὲς μὲν αὐτῶν ἅμα τῷ γενέσθαι τὸν ἄνθρωπον ἐνεργοῦσιν, ὁμοῦ τῇ ψυχῇ περὶ τὰ ἄλογα οὖσαι, αἱ δὲ καθαρώτεραι ἐνέργειαι κατὰ μεταβολὴν τῆς ἡσυχίας τῷ λογικῷ μέρει τῆς ψυχῆς συνεργοῦσαι.]] 
3.6	[[αὗται δὲ αἱ ἐνέργειαι τῶν σωμάτων εἰσὶν ἠρτημέναι. καὶ ἀπὸ μὲν τῶν θείων σωμάτων ἔρχονται εἰς τὰ θνητὰ αὗται αἱ σωματοποιοῦσαι, ἑκάστη δὲ αὐτῶν ἐνεργεῖ ἢ περὶ τὸ σῶμα ἢ τὴν ψυχήν. καὶ αὐτῇ μέντοι τῇ ψυχῇ σνγγίγνονται χωρὶς σώματος· ἀεὶ δὲ ἐνέργειαί εἰσιν, οὐκ ἀεὶ δὲ ἡ ψυχὴ ἐν σώματι θνητῷ ἐστι· δύναται γὰρ χωρὶς τοῦ σώματος εἶναι· αἱ δὲ ἐνέργειαι χωρὶς τῶν σωμάτων οὐ δύνανται εἶναι.]] 
3.7	ἱερὸς λόγος [ἐστὶν [[ὦ τέκνον]] οὗτος]. Συνεστάναι μέν, ⟨⟨ὦ τέκνον,⟩⟩ σῶμα χωρὶς ψυχῆς οὐ δύναται, τὸ δὲ ⟨ἐνεργ⟩εῖϲθαι δυνατόΝ.—Πῶς τοῦτο λέγεις, ὦ πάτερ;—Οὕτω νόησον, ὦ Τάτ. τῆς ψυχῆς χωρισθείσης τοῦ σώματος, ἐπιμένει αὐτὸ τὸ σῶμα. τοῦτο δὲ τὸ σῶμα παρὰ τὸν τῆς ἐπιμονῆς χρόνον ἐνεργεῖται, διαλυόμενον καὶ ἀειδὲς γιγνόμενον. ταῦτα δὲ οὐ δύναται πάσχειν τὸ σῶμα χωρὶς ἐνεργείας. ἐπιμένει οὖν ⟨ἐν⟩ τῷ σώματι ἡ ἐνέργεια, [αυ]τῆ⟨ς⟩ ψυχῆς χωρισθείσης. 
3.8	αὕτη οὖν ἡ διαφορὰ ἀθανάτου σώματος καὶ θνητοῦ, ὅτι τὸ μὲν ἀθάνατον ἐκ μιᾶς ὕλης συνέστηκε, τὸ δὲ οὔ· καὶ τὸ μὲν ποιεῖ, τὸ δὲ πάσχει. ⟨καὶ τὸ μὲν κρατεῖ, τὸ δὲ κρατεῖται·⟩ πᾶν γὰρ τὸ ἐνεργοῦν κρατεῖ, τὸ δὲ ἐνεργούμενον κρατεῖται. καὶ τὸ μὲν κρατοῦν, [ἐπιτακτικὸν καὶ] ἐλεύθερον ⟨ὄν⟩, ἄγει, τὸ δὲ ⟨κρατούμενον⟩, δοῦλον ⟨ὄν⟩, φέρεται. 
3.9	⟨κ⟩αὶ μῊν ⟨αἱ⟩ ἐνέργειαι οὐ μόνον τὰ ἔμψυχα ἐνεργοῦσι σώματα, ⟨⟨ἀλλ⟨ὰ⟩⟩⟩ καὶ τὰ ἄψυχα, ⟨τὰ⟩ ξύλα καὶ τοὺς λίθους καὶ τὰ [[ἄλλ’]] ὅμοια, αὔξουσαί τε [καὶ καρποφοροῦσαι] καὶ πεπαίνουσαι, καὶ φθείρουσαι καὶ τήκουσαι καὶ σήπουσαι καὶ θρύπτουσαι, καὶ τὰ ὅμοια ἐνεργοῦσαι, ὅσα δύναται σώματα ἄψυχα πάσχειν. ἐνέργεια γὰρ κέκληται, ὦ τέκνον, αὐτὸ τοῦτο, ⟨τὸ δι᾽ οὗ γίγνεται⟩ ὅ τί ποτέ ἐστι τὸ γιγνόμενον. 
3.10	ἀεὶ δὲ γίγνεσθαι δεῖ [καὶ] πολλά, μᾶλλον δὲ πάντα. οὐδέποτε γὰρ χηρεύει τῶν ὄντων τινὸς ὁ κόσμος, ἀεὶ δὲ φερόμενος, ⟨ἀεὶ⟩ ἐν ἑαυτῷ κυίσκει τὰ ὄντα [οὐδέποτε ἀπολειφθησόμενα αὐτοῦ τῆς φ[θ]ορᾶς]. * * * * * 
3.11	πᾶσα οὖν ἐνέργεια νοείσθω ὡς [ἀεὶ] ἀϲάΜατος οὖσα, ἥτις ἂν ᾖ ἐν οἱῳδήποτε σώματι. 
3.1x	⟨⟨ἐνέργειαι γάρ, ὦ Τάτ, ἀσώματοι αὐταὶ οὖσαι, ἐν σώμασίν εἰσι, καὶ διὰ τῶν σωμάτων ἐνεργοῦσι. διόπερ, ὦ Τάτ, καθότι ⟨μὲν⟩ ἀσώματοί εἰσι, καὶ ἀθανάτους αὐτάς φηΜι εἶναι, καθότι δὲ χωρὶς σωμάτων ἐνεργεῖν οὐ δύνανται, φημὶ αὐτὰς εἶναι ἀεὶ ἐν σώματι.⟩⟩ 
3.4x	⟨⟨τούτῳ τῷ λόγῳ ἕπεται [τὸ] καὶ ⟨τὸ⟩ ἀεὶ [τὰ] σώματα εἶναι. διὸ καὶ [αὐτὴν] τὴν σωματο⟨ποίη⟩σίν φημι ἀιδίαν [ἐνέργειαν] εἶναι. εἰ[ς] γὰρ σώματα ἐπίγεια διαλυτά, σώματα δὲ δεῖ εἶναι, τόπους καὶ ὄργανα τῶν ἐνεργειῶν [ταῦτα] ⟨ὑπάρξοντα⟩, αἱ δὲ ἐνέργειαι ἀθάνατοι, τὸ δὲ ἀθάνατον ἀεὶ ἔστι[ν ἐνέργεια], καὶ ἡ σωματοποίησις [εἴ γε] ἀεὶ ἔστι.⟩⟩ 
3.6x	⟨⟨αὐταὶ δῊ ⟨⟨ἀ[ι]σώματ[οπ]οι οὖσαι⟩⟩ αἱ ἐνέργειαι τῶν σωμάτων εἰσὶν ἠρτημέναι· καὶ ⟨γὰρ⟩ ἀπὸ [μὲν] τῶν θείων σωμάτων ἔρχονται εἰς τὰ θνητά [αὗται] [[αἱ σωματοποιοῦσαι]]· ἑκάστη δὲ αὐτῶν ἐνεργεῖ ἢ περὶ τὸ σῶμα ἢ τὴν ψυχήν. καὶ αὐτῇ ⟨γὰρ⟩ [[μέντοι]] τῇ ψυχῇ συγγίγνονται, ⟨οὐ⟩ ⟨⟨μέντοι⟩⟩ χωρὶς σώματος. [ἀεὶ δὲ ἐνέργειαί εἰσιν.] οὐκ ἀεὶ δὲ ἡ ψυχὴ ἐν σώματί [θνητῷ] ἐστι, δύναται γὰρ χωρὶς τοῦ σώματος εἶναι· αἱ δὲ ἐνέργειαι χωρὶς τῶν σωμάτων οὐ δύνανται εἶναι.⟩⟩ 
3.5x	⟨⟨παρέπονται δὲ τῇ ψυχῇ οὐκ ἀθρόως παραγιγνόμεναι· ἀλλὰ τινὲς μὲν αὐτῶν ἅμα τῷ γενέσθαι τὸν ἄνθρωπον [ἐνεργοῦσι] ⟨παραγίγνονται⟩, ὁμοῦ τῇ ψυχῇ ⟨εἰσελθοῦσαι, καὶ⟩ περὶ τὰ ἄλογα ⟨μέρη ἐνεργ⟩οῦσαι, αἱ δὲ καθαρώτεραι ἐνέργειαι κατὰ μεταβολὴν τῆς ἡλικίας, τῷ λογικῷ μέρει τῆς ψυχῆς συνεργοῦσαι.⟩⟩ 
3.12	τῶν δὲ ἐνεργειῶν αἱ μέν εἰσι τῶν θείων σωμάτων ⟨ἐνεργητικαί⟩, αἱ δὲ τῶν φθαρτῶν· καὶ ⟨τῶν εἰς τὰ φθαρτὰ ἐνεργουσῶν⟩ αἱ μὲν καθολικαὶ, ⟨αἱ δὲ γενικαί,⟩ αἱ δὲ ⟨ε⟩ἰδικαί. [καὶ αἱ μὲν τῶν γενῶν, αἱ δὲ [τῶν μερῶν] ἑνὸς ἑκάστου.] θεῖαι μὲν οὗν εἰσιν αἱ εἰς τὰ ⟨ἀ⟩ίδια σώματα ἐνεργοῦσαι· αὗται δὲ καὶ τέλειαί εἰσιν, ὡς εἰς τέλεια σώματα. ⟨καθολικαὶ δὲ αἱ εἰς τὰ φθαρτὰ σύμπαντα·⟩ ΓεΝικαὶ δὲ αἱ δι᾽ ἑνὸς ἑκάστου γένους τῶν ζῴων· ⟨ε⟩ἰδικαὶ δὲ αἱ εἰς ἕκαστόν ⟨⟨τι⟩⟩ τῶν ὄντων [[τι]]. 
3.13	οὗτος ὁ λόγος, ὦ τέκνον, συνάγει πάντα μεστὰ εἶναι ἐνεργειῶν. εἰ γὰρ [ἀνάγκη τὰς ἐνεργείας ἐν σώμασιν εἶναι] πολλὰ [δὲ] σώματα ἐν κόσμῳ, πλείους φημὶ εἶναι τὰς ἐνεργείας τῶν σωμάτων. ἐν ἑνὶ γὰρ πολλάκις σώματί ἐστι μία καὶ δευτέρα καὶ τρίτη ⟨...⟩, χωρὶς τῶν ⟨τῇ γενέσει⟩ ἑπομένων καθολικῶν· καθολικὰς γὰρ ἐνεργείας φημὶ τὰς ⟨τῶν⟩ ὄντωΝ σωματ⟨ωτ⟩ικάς [[διὰ δὲ τῶν αἰσθήσεων καὶ τῶν κινήσεων γινομένας]]· χωρὶς γὰρ τούτων τῶν ἐνεργειῶν τὸ σῶμα συστῆναι οὐ δυνατόν. ἕτεραι δέ εἰσιν ⟨ε⟩ἰδικαὶ ἐνέργειαι ⎡ταῖς ψυχαῖς τῶν ἀνθρώπων διὰ τεχνῶν καὶ ἐπιστημῶν καὶ ἐπιτηδευμάτων καὶ ἐνεργημάτων⎤ ⟨......⟩ 
3.14	⟨⟨διὰ δὲ τῶν αἰσθήσεων [καὶ τῶν κινήσεων] ⟨φανερὰς⟩ γινομένας·⟩⟩ παρέπονται γὰρ ταῖς ἐνεργείαις [κ]αἱ αἰσθήσεις, μᾶλλον δὲ ἀποτελέσματα τῶν ἐνεργειῶν ⟨αἱ⟩ αἰσθήσεις εἰσί. 
3.15	νόησον οὖν, ὦ τέκνον, διαφορὰν ἐνεργείας ⟨καὶ αἰσθήσεως. ἡ μὲν γὰρ ἐνέργεια⟩ ἄνωθεν πέμπεται· ἡ δὲ αἴσθησις, ἐν τῷ σώματι οὖσα, καὶ ἀπὸ τούτου τὴν οὐσίαν ἔχουσα, δεξαμένη τὴν ἐνέργειαν φανερὰν ποιεῖ, καθάπερ αὐτὴν σαωματοποιήσασα. διόπερ ⟨τὰς μὲν ἐνεργείας ἀσωμάτους καὶ ἀθανάτους,⟩ τὰς ⟨δὲ⟩ αἰσθήσεις καὶ σωματικὰς καὶ θνητάς φημι εἶναι, ⟨ἐπὶ⟩ τοσοῦτον συνεστώσας ὅσον καὶ τὸ σῶμα· καὶ γὰρ συγγεννῶνται τῷ σώματι αἱ αἰσθήσεις καὶ συναποθνήσκουσι. 
3.16	⟨⟨καὶ τὰ μὲν⟩⟩ ⟨θνητὰ σώματα αἴσθησιν ἔχει·⟩ τὰ δὲ ἀθάνατα σώματα [[αὐτὰ μὲν]] αἴσθησιν οὐκ ἔχει, ὡς ἐξ οὐσίας ⟨οὐ⟩ τοιαύτης συνεστῶτα. ἡ γὰρ αἴσθησις οὐδ᾽ ὅλως ἄλου ἐστὶ [σωματικὴ] ⟨καταληπτικὴ⟩ ἢ τοῦ προσγινομένου τῷ σώματι [κακοῦ ἢ τοῦ ἀγαθοῦ], ἢ τοῦ πάλιν αὖ ἀπογινομένου· τοῖς δὲ ἀιδίοις σώμασιν οὔτε προσγίνεταί ⟨τι⟩ οὔτε ἀπογίνεται· διὸ αἴσθησις ἐν ἐκείνοις οὐ γίνεται. 
3.18x	⟨⟨⟨αἱ γὰρ⟩ αἰσθήσεις [μέν] εἰσὶ παθητικαί [δέ], κατὰ αὔξησιν μόνον καὶ κατὰ μείωσιν γιγνόμεναι. τὸ δὲ πάθος καὶ ⟨ἡ⟩ αἴσθησις ἀπὸ μιᾶς κορυφῆς ἤρτηνται, εἰς δὲ τὸ αὐτὸ συνάγονται· ὑπὸ δὲ τῶν ἐνεργειῶν ⟨ἀποτελεῖται συναμφότερα⟩.⟩⟩—
3.17	Ἐν παντὶ οὖν ⟨παθητῷ⟩ σώματι αἴσθησις [αἰσθάνεται] ⟨γίνεται⟩;—Ἐν παντί, ὦ τέκνον· καὶ ⟨γὰρ⟩ ἐνέργειαι ⟨ἐν⟩ πᾶσιν ἐνεργοῦσι.—ΚἀΝ τοῖς ἀψύχοις, ὦ πάτερ;—ΚἀΝ ⟨τοῖς⟩ ἀψύχοις, ὦ τέκνον. διαφοραὶ δέ εἰσι τῶν αἰσθήσεων· αἱ μὲν ⟨γὰρ⟩ τῶν λογικῶν μετὰ λόγου γίγνονται, αἱ δὲ τῶν ἀλόγων ⎡σωματικαί⎤ εἰσι μόνον, αἱ δὲ τῶν ἀψύχων ⟨...⟩. 
3.18	[[αἰσθήσεις μέν εἰσι, παθητικαὶ δέ, κατὰ αὔξησιν μόνον δὲ κατὰ μείωσιν γιγνόμεναι. τὸ δὲ πάθος καὶ αἴσθησις ἀπὸ μιᾶς κορυφῆς ἤρτηνται, εἰς δὲ τὸ αὐτὸ συνάγονται, ὑπὸ δὲ τῶν ἐνεργειῶν.]] 
3.19	τῶν δὲ ἐμψύχων [ζῴων] εἰσὶ δύο ἄλλαι ⎡ἐνέργειαι⎤, αἳ παρέπονται ταῖς αἰσθήσεσι καὶ τοῖς πάθεσι, λύπη καὶ χαρά. χωρὶς τούτων ζῷον [ἔμψυχον] [καὶ μάλιστα] ⟨ἄ⟩λογ[ικ]ον αἰσθέσθαι ἀδύνατον· διὸ καὶ ἰδίας ταύτας εἶναί φημι [τῶν παθῶν ἰδέας] τῶν ⟨ἀ⟩λόγ[ικ]ων μᾶλλον ζῷων, ⟨ὡς τούτων μᾶλλον⟩ ἐπικρατούσας. [αἱ μὲν ἐνέργειαι ⟨ἀφανῶς⟩ ἐνεργοῦσιν, αἱ δὲ αἰσθήσεις τὰς ἐνεργείας ἀναφαίνουσιν.] 
3.20	 αὗται δέ, οὖσαι σωματικαί, ἀνακινοῦνται ὑπὸ ⟨τῶν αἰσθήσεων, ἀντέχονται δὲ⟩ τῶν τῆς ψυχῆς ἀλόγων μερῶν· διὸ καὶ ἀμφοτέρας φημὶ κακωτικὰς εἶναι. τό τε γὰρ χαίρειν, μεθ᾽ ἡδονῆς τὴν αἴσθησιν παρέχον, πολλῶν κακῶν εὐθέως αἴτιον συμβαίνει[ν] τῷ παθόντι· ἥ τε λύπη, ἀλγηδόνας καὶ ὀδύνας ἰσχυροτέρας παρέχ⟨ουσα, τὸν βίον λυμαίν⟩εται. διόπερ εἰκότως ἀμφότεραι κακωτικαὶ ἂν εἴησαν.—
3.21	⎡Ἡ αὐτὴ ἂν εἴη αἴσθησις ψυχῆς καὶ σώματος⎤, ὦ πάτερ; —Πῶς νοεῖς, ὦ παῖ, ψυχῆς αἴσθησιν; οὐχ ἡ μὲν ψυχὴ ἀσώματος, ἡ δὲ αἴσθησις σῶμα;—⟨...⟩ ⎡ἂν εἴη, ὦ πάτερ, ἡ αἴσθησις ἡ ἐν σώματι οὖσα τυγχάνει.⎤—Ἐὰν ἀσώματοΝ αὐτὴν θῶμεν, ὦ τέκνον, ὁμοίαν τῇ ψυχῇ αὐτὴν ἀποφανοῦμεν ἢ ταῖς ἐνεργείαις· ταῦτα γὰρ ἀσώματα ὄντα φαμὲν ἐν σώμασιν ⟨εἶναι⟩. ἡ δὲ αἴσθησις οὔτε ἐνέργειά ἐστιν οὔτε ψυχή, ⎡οὔτε ἀσώματόν τι ἄλλο παρὰ τὰ προειρημένα⎤· οὐκ ἂν οὖν εἴη ἀσώματον. εἰ δ᾽ οὐκ ἔστιν ἀσώματον, σῶμα ἂν εἴη. [τῶν γὰρ ὄντων Δεῖ τὰ μὲν σώματα εἶναι, τὰ δὲ ἀσωματα.]
4a.1	Ἔφαμεν γὰρ ἐν τοῖς γενικοῖς ⟨τὰς τῶν⟩ ⟨⟨σωμάτων⟩⟩ κινήσεις τὰς μὲν ὑπὸ τῶν ⟨φυσικῶν⟩ ἐνεργειῶν, τὰς δὲ ὑπὸ τῶν [[σωμάτων]] ⟨ψυχῶν γίνεσθαι⟩. 
4a.2	[φαμὲν δὲ τὴν ψυχήν, ⟨⟨ἀσώματον οὖσαν,⟩⟩ ἐξ οὐσίας τινὸς [οὐχ ὕλης] γεγενῆσθαι [[ἀσώματον οὖσαν]] καὶ αὐτῆς ἀσωμάτου οὔσης. πᾶν γὰρ τὸ γενόμενον ἀναάγκη ἔκ τινος γεγενῆσθαι.] 
4a.3	ὅσων μὲν οὖν ⟨σωμάτων⟩ τῇ γενέσει φθορὰ ἐπακολουθεῖ, τούτοις δύο κινήσεις παρακολουθεῖν ἀνάγκη, τήν τε ⟨γινομένην ὑπὸ τῆς⟩ ψυχῆς, ὑφ᾽ ἧς κινεῖται ⟨τὸ σῶμα κατὰ τόπον⟩, καὶ τὴν [τοῦ σώματος] ⟨ὑπὸ τῆς φύσεως⟩, ὑφ᾽ ἧς αὔξεται καὶ φθίνει, ἔτι δὲ καὶ ⟨φθαρὲν⟩ [ἀναλυθέντα] ἀναλύεται. ταύτην ὁρίζομαι τὴν κίνησιν τῶν φθαρτῶν σωμάτων. 
4a.4	⟨...⟩ ἡ δὲ ψυχὴ ἀεικίνητος, ὅτι ἀεὶ ⟨ἔν τε⟩ ἑαυτῇ κινεῖται καὶ ἄλλοις κίνησιν ἐνεργεῖ. κατὰ τοῦτον οὖν τὸν λόγον ἐστὶ ψυχὴ πᾶσα ἀθάνατος, καθ⟨ότι⟩ ἀεικίνητος, ⟨ἐν ἑαυτῇ⟩ ἔχουσα [κίνησιν] τὴν αὑτῆς ἐνέργειαν. 
4a.5	ἰδέαι δὲ ψυχῶν, θεία, ἀνθρωπίνη, ἄλογος. ἡ μὲν οὖν θεία τοῦ θείου σώματος ⟨κινητική,...⟩ αὐτῆς ἐνέργεια· ἐν μὲν γὰρ αὐτῷ κινεῖται, καὶ [ε]αὐτὸ ⟨δὲ⟩ κινεῖ. 
4a.6	[[ἐπὰν γὰρ θνητῶν ζῴων ἀπαλλαγῇ, χωρισθεῖσα τῶν ἀλόγων ἑαυτῆς μερῶν, ἐξελθοῦσα εἰς τὸ θεῖον σῶμα, ὡς ἀεικίνητος ἐν αὐτῷ κινεῖται, συμπεριφερομένη τῷ παντί.]] 
4a.7	ἡ δὲ ἀνθρωπίνη ἔχει μέν ⟨τι⟩ καὶ [τὸ] τοῦ θείου, συνῆπται δὲ αὐτῇ καὶ τὰ ἄλογα ⟨μέρη⟩, ἥ τε ἐπιθυμία καὶ ὁ θυμός· καὶ ⟨γὰρ⟩ αὗται [μὲν ἀθάνατοι καθότι καὶ αὗται αἱ] ἐνέργειαι τυνγχάνουσιν ⟨οὖσ⟩αι, ἐνέργειαι δὲ θνητῶν σωμάτων. διὸ τοῦ [[μὲν]] θείου μέρους τῆς ψυχῆς, οὔσης ⟨⟨μὲν⟩⟩ ἐν τῷ θείῳ σώματι, πόρρω τυγχάνουσιν οὖσαι· ἐπειδὰν δὲ εἰσέλθῃ τοῦτο εἰς θνητὸν σῶμα, κἀκεῖνα ἐπιφΎεται, καὶ τῇ παρουσίᾳ αὐτῶν γίνεται [ἀεὶ] ⟨κακὴ ἡ⟩ ψυχή [ἀνθρωπίνη]. 
4a.6x	⟨⟨ἐπὰν γὰρ ⟨τοῦ⟩ θνητο῀Υ ϲώΜατοϲ ἀπαλλαγῇ, χωρίΖεται τῶν ἀλόγων ἑαυτῆς μερῶν, εἰϲελθοῦσα ⟨δὲ⟩ εἰς τὸ θεῖον σῶμα, ὡς ἀεικίνητος ⟨οὖσα⟩ ἐν αὐτῷ κινεῖται, συμπεριφερομένη τῷ παντί.⟩⟩ 
4a.8	ἡ δὲ τῶν ἀλόγων συνέστηκεν ἐκ θυμοῦ τε καὶ ἐπιθυμίας. διόπερ καὶ ἄλογα ἐκλήθη τὰ ζῷα ταῦτα, στερήσει τοῦ [α]λογ⟨ικ⟩οῦ τῆς ψνχῆς. 
4a.9	τετάρτην δὲ νόει τὴν τῶν ἀψύχων ⟨ἐνέργειαν⟩, ἥτις ἔξωθεν οὖσα τῶν σωμάτων ἐνεργεῖ κινοῦσα. αὕτη δ᾽ ἂν εἴη ἡ ἐν τῷ θείῳ σώματι κινουμένη ⟨ψυχή⟩, καὶ ὥσπερ κατὰ πάροδον ταῦτα κινοῦσα.—
4b.1	Ὀρθῶς ταῦτα ἀπέδειξας, ὦ πάτερ· ἐκεῖνο δὲ ἔτι με δίδαξον. ἔφης γάρ που τὴν ἐπιστήμην καὶ τὴν τέχνην ἐνεργείαϲ εἶναι τοῦ λογικοῦ. νῦν δὲ φὴς τὰ ἄλογα ζῷα στερήσει τοῦ λογικοῦ ἄλογα εἶναι καὶ κεκλῆσθαι· δῆλον ⟨δ᾽⟩ ὅτι ἀνάγκη κατὰ τοῦτον τὸν λόγον τὰ ἄλογα ζῷα μὴ μετέχειν ἐπιστήμης μηδὲ τέχνης, διὰ τὸ ἐστερῆσθαι τοῦ λογικοῦἄνάγκη γάρ, ὦ τέκνον. 
4b.2	—Πῶς οὖν ὁρῶμεν, ὦ πάτερ, τινὰ τῶν ἀλόγων ἐπιστήμῃ καὶ τέχῃ χρώμενα, οἷον τοὺς μύρμηκας τὰς τροφὰς ἀποθησαυριζομένους [τοῦ χειμῶνος], καὶ τὰ ἀέρια ζῷα ὁμοίως καλιὰς ἑαυτοῖς συντιθέντα, τὰ δὲ τετράποδα γνωρίζοντα τοὺς φωλεοὺς τοὺς ἰδίους;
4b.3	—Ταῦτα, ὦ τέκνον, οὐκ ἐπιστήμῃ οὐ⟨δὲ⟩ τέχνῃ ποιεῖ, ἀλλὰ φύσει. ἡ γὰρ ἐπιστήμη καὶ ἡ τέχνη διδακτ[ικ]ά εἰσι· ταῦτα δὲ τῶν ἀλόγων [οὐδεὶς] οὐδὲν διδάσκεται. ⟨καὶ⟩ τὰ ⟨⟨μὲν⟩⟩ [δὲ] φύσει γιγνόμενα ἐνεργείᾳ [[μὲν]] γίγνεται καθολικῇ· τὰ δὲ ἐπιστήμῃ καὶ τέχνῃ ⟨⟨γιγνόμενα⟩⟩ [εἰδόσι] ⟨τισὶ⟩ παραγίγνεται, οὐ πᾶσι [[γιγνόμενα]] [[ὑπὸ φύσεως ἐνεργεῖται]]. 
4b.4	οἷον οἱ ἄνθρωποι ⟨πάντες⟩ ἄνω βλέπουσιν· ⟨τοῦτο μὲν γὰρ⟩ ⟨⟨ὑπὸ φύσεως ἐνεργεῖται·⟩⟩ οὐ πάντες δὲ ἄνθρωποι μουσικοί, οὐδὲ πάντες τοξόται ἢ κυνηγοί, οὐδὲ τὰ ἄλλα πάντα ⟨πράττουσι πάντες⟩, ἀλλὰ τινὲς αὐτῶν, ⟨ὅσοι⟩ τι ἔμαθον, ἐπιστήμης καὶ τέχνης ἐνεργούσης. 
4b.5	τὸν αὐτὸν τρόπον, ⟨εἰ⟩ οἱ μέν τινες τῶν μυρμήκων τοῦτο ἔπραττον, οἱ δ᾽ οὔ, καλῶς ἂν ἔλεγες ἐπιστήμῃ αὐτο⟨ὺς⟩ [τοῦτο πράττειν] καὶ τέχνῃ συνάγειν τὰς τροφάς· εἰ δὲ πάντες ὁμοίως ἄγονται [[ὑπὸ τῆς φύσεως]] ἐπὶ τοῦτο καὶ ἄκοντες, δῆλον ὅτι οὐκ ἐπιστήμῃ οὐδὲ τέχνῃ τοῦτο πράττουσιν, ⟨⟨ὑπὸ ⟨δὲ⟩ τῆς φύσεως⟩⟩ ⟨ἀγόμενοι⟩. 
5.1	καὶ ὁ μὲν [κύριος καὶ πάντων] δημιουργὸς τῶν ἀιδίων σωμάτων, ὦ Τάτ, ἅπαξ ποιήσας οὐκέτι ἐποίησεν οὐδὲ ποιεῖ· ταῦτα γὰρ ἑαυτοῖς παραδοὺς καὶ ἑνώσας ἀλλήλοις ἀφῆκε φέρεσθαι, μηδεν⟨ὸς⟩ ἐνδέοντα [ὡς ἀίδια]. εἰ δὲ δέονται τινῶν, ἀλλήλων δέ[ησ]ονται, οὐδεμιᾶς δὲ τῆς ἔξωθεν ἐπιφορᾶς, ⟨...⟩ ⎡ὡς⎤ ἀθάνατα· ἔδει γὰρ τὰ ὑπ᾽ ἐκείνου σώματα γενόμενα τοιαύτην ἔχειν [καὶ] τὴν φύσιν. 
5.2	ὁ δὲ ἡμέτερος δημιουργός, ἐν σώματι ὤν, ἐποίησεν ἡμᾶς, καὶ ποιεῖ ἀεὶ καὶ ποιήσει, σώματα ⟨ἔχοντας⟩ διαλυτὰ καὶ θνητά. οὐ γὰρ θέμις ἦν αὐτῷ μιμεῖσθαι τὸν ἑαυτοῦ δημιονργόν, ἄλλως τε καὶ ⟨...⟩ ἀδύνατον· ὁ μὲν γὰρ ἐκ τῆς πρώτης οὐσίας ἐποίησεν, οὔσης ἀσωμάτου, ὁ δὲ ἐκ τῆς γε[ι]νομένης σωματώσεως ἐποίησεν ἡμᾶς. 
5.3	εἰκότως οὖν [κατὰ τὸν ὀρθὸν λόγον] ἐκεῖνα μὲν τὰ σώματα, ὡς ἐξ ἀσωμάτου οὐσίας γεγενημένα, ἀθάνατά ἐστι· τὰ δὲ ἡμέτερα διαλυτὰ καὶ θνητά, ὡς τῆς ⎡ὕλης⎤ ἡμῶν ἐκ σωμάτων συνεστώσης. 
5.4	διὸ ⟨καὶ⟩ [τὸ] ἀσθενῆ ἐϲτι, καὶ πολλῆς ἐπικουρίας δεόμενα. πῶς γὰρ ἂν καὶ τὸ τυχὸν ἀντέσχεν ὁ σύνδεσμος ἡμῶν τῶν σωμάτων, εἰ μή τινα εἶχεν ἐπεισερχομένην τροφὴν ἐκ τῶν [ὁμοίων] στοιχείων, καὶ ὑπεσωμάτου ἡμᾶς ⟨αὕτη⟩ καθ᾽ ἑκάστην [τὴν] ἡμέραν; καὶ γὰρ γῆς τε καὶ ὕδατος καὶ πυρὸς καὶ ἀέρος ἐπιρροὴ ἡμῖν γίγνεται, ἥτις τὰ σώματα ἡμῶν νεοποιοῦσα συνέχει τὸ σκῆνος. 
5.5	⟨... ⟩ ὥστε καὶ πρὸς τὰς κινήσεις ἐσμὲν ἀσθενέστεροι, φέροντες ⟨αὐτὰς⟩ [κινήσεις] μηδὲ ἡμέρας μιᾶς. εὖ γὰρ ἴσθι, ὦ τέκνον, ὅτι εἰ μὴ ἐν ταῖς νυξὶν ἡμῶν ἀνεπαύετο τὰ σώματα, οὐκ ἂν πρὸς μίαν ἡμέραν ἀντέσχομεν. ὅθεν ἀγαθὸς ὢν ὁ δημιουργός, ⟨καὶ⟩ πάντα προεπιστάμενος, εἰς διαμονὴν τοῦ ζῷου ἐποίησε τὸν ὕπνον, ⟨φάρμακ⟩ον μέγιστον τοῦ καμάτου τῆς κινήσεως, καὶ ἐπ᾽ ἰσότητος ἔταξεν ἑκατέρῳ χρόνοΝ [μᾶλλον δὲ τῇ ἀναπαύλῃ πλείονα]. 
5.6	μεγίστην δῊ νόει, ⟨ὦ⟩ τέκνον, τοῦ ὕπνου τὴν ἐνέργειαν, ἐναντίαν τῇ τῆς ψυχῆς, οὐκ ἐλάττον⟨α δ᾽⟩ ἐκείνης. καθάπερ γὰρ ἡ ψυχὴ κινήσεώς ἐστιν ἐνεργΗΤΙΚΉ, τὸν αὐτὸν τρόπον ⟨ὁ ὕπνος...⟩. ⟨διὸ⟩ καὶ τὰ σώματα ζῆν οὐ δύναται χωρὶς ὕπνου· ἄνεσις γάρ [καὶ ἄφεσίς] ἐστι ⎡τῶν συνδέτων τῶν μελῶν⎤. 
5.7	καὶ ἔσωθεν ἐνεργεῖ, σωματοποιῶν τὴν ἐπεισελθοῦσαν ὕλην, ἑκάστῳ τὸ οἰκεῖον διαστέλλων, τὸ μὲν ὕδωρ τῷ αἵματι, τὴν δὲ γῆν ⟨τοῖς⟩ ὀστέοις καὶ μυελοῖς, τὸν δὲ ἀέρα τοῖς νεύροις [καὶ φλεψί], τὸ δὲ πῦρ τῇ ὁράσει. διόπερ καὶ ἥδεται ἄκρως τὸ σῶμα τῷ ὕπνῳ ταύτην ἐνεργοῦντι τὴν ⎡ἡδονήν⎤.
6.1	Ἐπεί μοι ἐν τοῖς ἔμπροσθεν γενικοῖς λόγοις ὑπέσχου δηλῶσαι περὶ τῶν τριάκοντα ἓξ δεκανῶν, νῦν μοι δήλωσον περὶ αὐτῶν καὶ τῆς τούτων ἐνεργείας.—Οὐδ[ε]εὶς φθόνος, ὦ Τάτ· καὶ ὁ κυριώτατος πάντων λόγος καὶ κορυφαιότατος οὖτος ἂν εἴη. ϲὺ δὲ νόει [οὕτως]. 
6.2	ἔφαμέν σοι περὶ τοῦ ζῳδιακοῦ κύκλου, [[καὶ]] τοῦ ⟨⟨καὶ⟩⟩ ζῳοφόρου, καὶ τῶν πέντε πλανητῶν καὶ ἡλίου καὶ σελήνης καὶ τοῦ ἑκάστου τούτων κύκλου. —Ἔφης γάρ, ὦ Τρισμέγιστε. —Οὕτως βούλομαί σε νοεῖν καὶ περὶ τῶν τριάκοντα ἓξ δεκανῶν, μεμνημένοΝ ἐκείνων, ἵν᾽ εὔγνωστός σοι καὶ ὁ περὶ τούτων λόγος γένοιτο.—Μέμνημαι, ὦ πάτερ.—
6.3	⟨'E⟩φαμένπου, ὦ τέκνον, περιεκτικὸν τῶν ἁπάντων εἶναι σῶμα. ἐννόησον οὖν [καὶ] αὐτὸ ὥσπερ κυκλοειδὲς ⟨τὸ⟩ σχῆμα· καὶ γὰρ οὕτως ἔχει τὸ πᾶν. —Τοιοῦτον ⟨τὸ⟩ σχῆμα νοῶ οὕτως ὡς λέγεις, ὦ πάτερ.—Ὑπὸ δὲ τὸν κύκλον τοῦ σώματος τούτου[ς] τετάχθαι τοὺς τριάκοντα ἓξ δεκανούς, μέσους τοῦ ⟨τοῦ⟩ παντὸς κύκλου ⟨καὶ⟩ τοῦ ζῳδιακοῦ, διορίζοντας ἀμφοτέρους τοὺς κύκλους, καὶ ὥσπερ ἐκεῖνον μὲν κουφίζοντας, τὸν ⟨δὲ⟩ ζῳδιακὸν καθορ[ιζ]ῶντας. 
6.4	⟨... ⟩ ⎡συμφερομένους τοῖς πλάνησι καὶ ἰσοδυναμεῖν τῇ τοῦ παντὸς φορᾷ κατὰ τὸ ἐναλλὰξ τοῖς ἑπτά⎤· καὶ τὸ μὲν περιεκτικὸν ἐπέχειν σῶμα,—ἔσχατον γὰρ ἂν ἦν [ἐν] ⟨τῷ τάχει⟩ τῆϲ φορᾶϲ αὐτὸ καθ᾽ αὑτὸ ὄν [τῷ πάσχειν], ἐπισπεύδειν δὲ τοὺς ἑπτὰ ἄλλους κύκλους, διὰ τὸ βραδύτεραν κίνησιν ⟨αὐτοὺς⟩ κινεῖσθαι τοῦ ⟨τοῦ⟩ παντὸς κύκλου [ὥσπερ οὖν ἀνάγκη] [αὐτοὺς κινεῖσθαι καὶ τοῦ παντός]. 
6.13x	⟨⟨ὑπὸ δὲ τούτους ἐστὶν ἡ καλουμένη ἄρκτος, κατὰ μέσον τοῦ ζῳδιακοῦ, ἐξ ἀστέρων συγκειμένη ἑπτά, ἔχουσα ἀντίζυγον ἑτέραν ὑπὲρ κεφαλῆς. ταύτης [μὲν] ἡ ἐνέργειά ἐστι καθάπερ ἄξονος, μηδαμοῦ μὲν δυνούσης μηδὲ ἀνατελλούσης, μενούσης δὲ ἐν τῷ αὐτῷ τόπῳ, [τῆς] περὶ ⟨τὸ⟩ αὐτὸ στρεφομένης, ἐνεργούσης δὲ τὴν ⟨τοῦ⟩ ζῳ⟨ο⟩φόρου κυκλου ⟨περιφοράν....⟩ παραδιδοῦσα τὸ πᾶν τοῦτο ἀπὸ μὲν [τῆς] νυκτὸς ἡμέρᾳ, ἀπὸ ⟨δ᾽⟩ ἡμέρας νυκτί.⟩⟩ 
6.5	νοήσωμεν οὖν καὶ τὰς τῶν ἑπτὰ ⟨...⟩ καὶ ⎡πάντα τὸν κύκλον⎤ ⟨...⟩, μᾶλλον δὲ τῶν ἐν κόσμῳ ἁπάντων ὡσπερεὶ φύλακας αὐτοὺς περιίστασθαι, [πάντα] συνέχοντας [καὶ] τὰ πάντα, καὶ τηροῦντας τὴν τῶν πάντων εὐταξίαν.—Οὕτως γὰρ νοῶ, πάτερ, ἐξ ὧν λέγεις.—
6.6	Ἔτι δὲ νόησον, ⟨ὦ⟩ Τάτ, ὅτι καὶ ἀπαθεῖς εἰσιν ὧν οἱ ἄλλοι ἀστέρες πάσχουσιν. οὔτε γὰρ ἐπεχόμενοι τὸν δρόμον στηρίζουσιν οὔτε κωλυόμενοι ἀναποδίζουσιν, ⟨...·⟩ ἀλλ᾽ οὐδὲ μὴν ⎡ὑπὸ τοῦ φωτὸς τοῦ ἡλίου σκέπονται⎤, ἅπερ πάσχουσιν οἱ ἄλλοι ἀστέρες· ἐλευθέροι δὲ ὄντες, ὑπεράνω πάντων ὥσπερ φύλακες ἀκριβεῖς καὶ ἐπίσκοποι τοῦ παντὸς περιέ⟨ρ⟩χονται τῷ νυχθημέρῳ τὸ πᾶν.—
6.7	Ἆρ᾽ οὖν [[καὶ]] οὗτοι, ὦ πάτερ, ἔχουσι ⟨⟨καὶ⟩⟩ πρὸς ἡμᾶς ἐνέργειαν;—Τὴν μεγίστην, ὦ τέκνον. εἰ γὰρ ἐκείνοις ἐνεργοῦσι, πῶς οὐ καὶ ἡμῖν, καὶ καθ᾽ ἕνα ἕκαστον καὶ κοινῇ;
6.8	[οὕτως, ὦ τέκνον] τῶν ⟨μὲν γὰρ⟩ καθολικῶς πάντων σνμβαινόνταων [τ]ἡ ἐνέργεια ἀπὸ τούτων ἐστίν· οἷον [ὃ λέγω νόησον] βασιλε⟨ι⟩ῶν μετατροπαί[ων], πόλεων ἐπαναστάσεις, λιμοί, λοιμοί, ⎡ἄμπωτις⎤ θαλάσσης, γῆς σεισμοί, οὐδὲν τούτων, ὦ τέκνον, χωρὶς τῆς τούτων ἐνεργείας γίνεται. 
6.9	[ἔτι τε πρὸς τούτοις νόησον] ⟨...⟩ εἰ γὰρ οὗτοι μὲν ἐπιστατοῦσιν ἐκείνων, ἡμεῖς δὲ [καὶ] ὑπὸ τοὺς ἑπτά ἐσμεν, οὐ νοεῖς καὶ εἰς ἡμᾶς τῊν[α] ἐκείνων φθάνειν ἐνέργειαν, ἤτοι ὑπ᾽ [εις] αὐτῶν ἢ δι᾽ ἐκείνων ⟨ἐνεργουμένην⟩; 
6.11x	⟨⟨ἔτι δὲ πρὸς τούτοις ⟨ἄλλο⟩ νόησον, ὦ Τάτ, ἐνέργημα τούτων, ὅτι καὶ εἰς τὴν γῆν σπερματίζουσιν [ἃς καλοῦσιν] ⟨ἐνεργείας⟩ τινάς, τὰς μὲν σωτηρίους, τὰς δὲ ὀλεθριωτάτας,⟩⟩ ⟨ἃς⟩ ⟨⟨καλοῦσιν οἱ πολλοὶ δαίμονας.⟩⟩—
6.10	Τίς ⟨δ᾽ ἂν⟩ αὐτοῖς εἴη, ὦ πάτερ, ὁ τοῦ σώματος τύπος; [τούτους οὖν] [[καλοῦσιν οἱ πολλοὶ δαίμονας.]]—[[Οὐδὲ γὰρ ἴδιόν τί ἐστι γένος τὸ τῶν δαιμόνων.]] Οὔτε [ἄλλα] σώματα ἔχοΥϲΙΝ ἐξ ἰδίας τινὸς ὕλης, οὔτε ψυχ῀ιΗ κινοῦΝται ὥσπερ ἡμεῖς· ⟨⟨οὐδὲ γὰρ ἴδιόν τί ἐστι γένος τὸ τῶν δαιμόνων,⟩⟩ ἀλλὰ ἐνέργειαί εἰσι τῶν τριάκοντα ἓξ τούτων θεῶν. 
6.11	[[ἔτι δὲ πρὸς τούτοις νόησον, ὦ Τάτ, ἐνέργημα τούτων, ὅτι καὶ εἰς τὴν γῆν σπερματίζουσιν ἃς καλοῦσι τάνας, τὰς μὲν σωτηρίους, τὰς δὲ ὀλεθριωτάτας.]] 
6.12	ἔτι καὶ ⟨ἄλλοι⟩ ἐν οὐρανῷ φερόμενοι ἀστέρες ⎡γεννῶσιν⎤ αὐτοῖς, ⟨οἱ καλούμενοι⟩ [ὑπο]λειτουργ⟨οί⟩, οὓς καὶ ὑπηρέτας καὶ στρατιώτας ἔχουσιν. οὗτοι δὲ ὑπ᾽ ἐκείνων ⎡μιγνύμενοι⎤ φέρονται ἐν τῷ αἰθέρι αἰωρούμενοι, τὸν τούτου τόπον ἀναπληροῦντες, ὅπως μηδεὶϲ ᾖ τόπος ἄνω κενὸς ἀστέρων, συγκοσμοῦντες τὸ πᾶν, ἐνέργειαν ἰδίαν ἔχοντες, ὑποτεταγμένην δὲ ⟨τῇ⟩ τῶν τριάκοντα ἓξ ἐνεργείᾳ· ἐξ ὧν [κ]αἱ κατὰ τὰς χώρας φθοραὶ γίνονται τῶν ἄλλων ἐμψύχων [ζῴων], καὶ ἡ πληθὺς τῶν λυμαινομένων ζῴων τοὺς καρπούς. 
6.13	[[ὑπὸ δὲ τούτους ἐστιν ἡ καλουμένη ἄρκτος, κατὰ μέσον τοῦ ζῳδιακοῦ, ἐξ ἀστέρων συγκειμένη ἑπτά, ἔχουσα ἀντίζυγον ἑτέραν ὑπὲρ κεφαλῆς. ταύτης μὲν ἡ ἐνέργειά ἐστι καθάπερ ἄξονος, μηδαμοῦ μὲν δυνούσης μηδὲ ἀνατελλούσης, μενούσης δὲ ἐν τῷ αὐτῷ τόπῳ, τῆς περὶ αὐτὸ στρεφομένης, ἐνεργούσης δὲ τὴν ζωφόρου κυκλοῦ, παραδιδοῦσα τὸ πᾶν τοῦτο ἀπὸ μὲν τῆς νυκτὸς ἡμέρᾳ, ἀπὸ ἡμέρας νυκτί.]] 
6.14	μετὰ δὲ τούτοΥϲ ἐστὶν ἄλλος χορὸς ἀστέρων, οὓς ἡμεῖς ⟨⟨μὲν⟩⟩ προσηγοριῶν οὐ κατηξιώσαμεν· οἱ δὲ μεθ᾽ ἡμᾶς [μιμησάμενοι] ⟨ἐσόμενοι⟩ [[μὲν]] καὶ ⟨τ⟩ούτοι⟨ς⟩ προσηγορίας [τούτοις] θήσονται. 
6.15	κάτωθεν δὲ τῆς σελήνης εἰσὶν ἕτεροι ἀστέρες φθαρτοί, ἀργοί, πρὸς ὀλίγον χρόνον συνιστάμενοι, εἰς τὸν ὑπὲρ γῆς ἀέρα ἐξ αὐτῆς τῆς γῆς ἀναθυμιώμενοι, οὓς καὶ ἡμεῖς ὁρῶμεν διαλυομένους. ⟨οὗτοι⟩ τὴν φύσιν ὁμοίαν ἔχοΥϲι τοῖς ἀχρήστοις τῶν ἐπὶ γῆς ζῴων, ⟨ὅσα⟩ ἐπὶ ἕτερον [δὲ] οὐδὲν γίνεται ἢ ἵνα μόνον φθαρῇ, οἷον τὸ τῶν μυιῶν γένος καὶ τῶν ψυλλῶν καὶ τῶν σκωλήκων καὶ τῶν ἄλλων τῶν ὁμοίων. καθ⟨άπερ⟩ γὰρ ἐκεῖνα, ὦ Τάτ, οὔτε ἡμῖν οὔτε τῷ κόσμῳ χρήσιμά ἐστι, τοὐναντίον δὲ λυπεῖ ἐνοχλοῦντα, παρακολουθήματα ὄντα τῆς φύσεως, καὶ κατὰ τὸ περισσὸν τὴν γένεσιν ἔχοντα, τὸν αὐτὸν τρόπον καὶ οἱ ἀπὸ τῆς γῆς ἀναθυμιώμενοι ἀστέρες τὸν μὲν ἄνω τόπον οὐ καταλαμβάνουσιν,—ἀδυνατοῦσι γάρ, ὡς κάτωθεν ἀνιόντες,—πολὺ δὲ ⟨τὸ⟩ ἐμβριθὲς ἔχοντες, ἑλκόμενοι κάτω ὑπὸ τῆς ἰδίας ὕλης διαχέονται ταχέως, καὶ διαλυθέντες πίπτουσι πάλιν εἰς γῆν, μηδὲν ἐνεργήσαντες ἢ μόνον ὀχλήσαντες τῷ ὑπὲρ γῆν ἀέρι. 
6.16	ἕτερόν ἐστι γένος, ὦ Τάτ, τὸ τῶν καλουμένων κομητῶν, κατὰ καιρὸν ἐπιφαινομένων, καὶ πάλιν μετὰ χρόνον ὀλίγον ἀφανῶν γινομένων, μήτε ἀνατελλόντων μήτε δυνόντων μήτε διαλυομένων· οἵτινες φανεροὶ ἄγγελοι καὶ κήρυκες καθολικῶν ἀποτελεσμάτων γίνονται μελλόντων ἔσεσθαι. οὗτοι δὲ τὸν τόπον ἔχουσιν ὑπὸ τὸν κύκλον τὸν τοῦ ἡλίου. ἐπὰν οὖν μέλλῃ τι τῷ κόσμῳ συμβαίνειν, οὗτοι φαίνονται, ⟨καὶ⟩ φανέντες ὀλίγας ἡμέρας, πάλιν ὑπὸ τὸν κύκλον ἐλθόντες τοῦ ἡλίου ἀφανεῖς μένουσιν, ἐν τῷ ἀπηλιώτῃ φανέντες ⟨ἄλλοι⟩, ἄλλοι δὲ ἐν τῷ βορρᾷ, ἄλλοι δὲ ἐν τῷ λιβί, ἄλλοι δὲ ἐν τῷ νότῳ. μάντεις δὲ τούτους προσηγορεύσαμεν. [καὶ ἀστέρων ⎡ἥδε⎤ φύσις.] 
6.17	[ἀστέρες δὲ ἄστρων διαφορὰν ἔχουσιν· ἀστέρες μὲν γάρ εἰσιν οἱ ἐν τῷ οὐρανῷ αἰωρούμενοι, ἄστρα δὲ τὰ ἐγκείμενα ἐν τῷ σώματι τοῦ οὐρανοῦ, συμφερόμενα δὲ [ἐν] τῷ οὐρανῷ· ἐξ ὧν δώδεκα ζῴδια προσηγορεύσαμεν.] 
6.18	ὁ ταῦτα μὴ ἀγνοήσας ἀκριβῶς δύναται νοῆσαι τὸν θεόν, εἰ δὲ καὶ τολμήσαντα δεῖ εἰπεῖν, καὶ αὐτόπτηϲ γενόμενοϲ θεάσασθαι, καὶ θεασάμενοϲ μακάριοϲ γενέσθαι.—Μακάριοϲ ὡς ἀληθῶς, ὦ πάτερ, ὁ τοῦτον θεασάμενος.—Ἀλλ’ ἀδύνατον, ὦ τέκνον, τὸν ἐν σώματι τούτου εὐτυχῆσαι· δεῖ δὲ προγυμνάειν αὑτοῦ τινα τὴν ψυχὴν ἐνθάδε, ἵνα ἐκεῖ γενομένη, ὅπου αὐτὸν ἔξεστι θεάσασθαι, ὁδοῦ μὴ σφαλῇ.
6.19	ὅσοι δὲ ἄνθρωποι φιλοσώματοί εἰσιν, οὗτοι οὐκ ἄν ποτε θεάσαιντο τὴν τοῦ καλοῦ καὶ ἀγαθοῦ ὄψιν. οἷον γάρ ἐστι κάλλος, ὦ τέκνον, τὸ ⟨τοῦ⟩ μήτε σχῆμα μήτε χρῶμα [μήτε σῶμα] ἔχον⟨τος⟩.—Εἴη δ᾽ ἄν τι, ὦ πάτερ, χωρὶς τούτων καλόν; —Μόνος ὁ θεός, ὦ τέκνον, μᾶλλον δὲ τὸ μεῖζόν τι ὂν ⎡τοῦ θεοῦ τὸ ὄνομα⎤.
7.1	δαίμων γάρ τις μεγίστη τέτακται, ὦ τέκνον, ἐν μέσῳ τοῦ παντός [εἰλουμένη], πάντα περ⟨ι⟩ορῶσα τὰ ἐπὶ γῆς γινόμενα ὑπὸ τῶν ἀνθρώπων. καθάπερ ⟨γὰρ⟩ ἐπὶ τῆς θείας τάξεως ⟨ἡ⟩ [πρόνοια καὶ] ἀνάγκη τέτακται, τὸν αὐτὸν τρόπον καὶ ἐπὶ τῶν ἀνθρώπων τέτακται ἡ δίκη [ταὐτὰ ἐκείνοις ἐνεργοῦσα]. 
7.2	ἐκείνΗ μὲν γὰρ κρατεῖ τὴν τάξιν τῶν [[ὄντων]] ⟨ἄνω⟩, ὡς θείων ⟨⟨ὄντων⟩⟩, καὶ ἁμαρτεῖν μὴ θελόντων μηδὲ δυναμέναωνἀδύνατον γὰρ τὸ θεῖον πλανηθῆναι· [ἐξ οὗ καὶ τὸ ἀναμάρτν⟨το⟩ν συμβαίνει·] ἡ δὲ δίκη τέτακται τιμωρὸς τῶν ἐπὶ γῆς ἁμαρτανόντων. 
7.3	ἀνθρώπων γὰρ γένος ⟨ἁμαρτητικόν⟩, ἅτε θνητὸν ὂν καὶ ἐκ κακῆς ὕλης συνεστός· [καὶ μάλιστα ἐκείνοις συμβαίνει τὸ ὀλισθαίνειν, οἷς θεοπτικὴ δύναμις οὐ πρόσεστιτούταων δὲ καὶ μάλιστα ἐπικρατεῖ δίκη·] καὶ τῇ ⟨μὲν⟩ είμαρμένῃ ὑπόκειται διὰ τὰς τῆς γενέσεως ἐνεργείας, τῇ δὲ δίκῃ διὰ τὰς ἐν τῷ βίῳ ἁμαρτίας.
8.1	Ὀρθῶς μοι πάντα εἶπας, ὦ πάτερ. ἀλλ᾽ ἔτι με ἀνάμνησον τίνα ἐστὶ ⟨τῶν ἐν ἡμῖν ἀσωμάτων⟩ τὰ κατὰ πρόνοιαν, καὶ τίνα ⟨τὰ⟩ κατ᾽ ἀνάγκην ὁμοίως, καὶ ⟨τὰ⟩ καθ᾽ εἱμαρμένην.—
8.2	Ἔφην εἶναι ἐν ἡμῖν, ὦ Τάτ, τρία εἴδη ἀσωμάτων. καὶ τὸ μέν τι ἐστὶ νοητὸν ⟨...⟩. τοῦτο μὲν οὖν ἀχρώματον, ἀσχημάτιστον, [ἀσώματον,] ἐξ αὐτῆς τῆς πρώτης [καὶ] νοητῆς οὐσίας ⟨...⟩. 
8.3	ἔϲτι δὲ [[καὶ]] ἐν ἡμῖν ⟨⟨καὶ⟩⟩ ⟨⟨ἕτερον εἶδος⟩⟩ ⟨ἀσωμάτων,...⟩. [τούτῳ ἐναντίαι σχηματότητες] [τοῦτο ὑποδέχεται.] τὸ γοῦν ⟨ἄλογον⟩, κινούμενον ὑπὸ τῆς νοητῆς οὐσίας, πρός τινα λόγον ⟨κινεῖται⟩, καὶ [ὑποδεχθὲν] ⟨οὕτω κινηθὲν⟩ εὐθέως μεταβάλλεται εἰς [[ἕτερον εἶδος]] [κινήσεως] [τοῦτο δὲ] εἴδωλόν [ἐσ]τι τοῦ νοήματος τοῦ δημιουργοῦ. 
8.4	τρίτον δέ ἐστιν ⟨ἐν ἡμῖν⟩ εἶδος ἀσωμάτων, ὃ περὶ τὰ σώματά ἐστι συμβεβηκός. [τόπος, χρόνος, κίνησις, σχῆμα, ἐπιφάνεια, μέγεθος, εἶδος.] καὶ τούτων εἰσὶ διαφορα⟨ὶ⟩ δύο· ἃ μὲν γάρ ἐστιν αὐτῶν ἰδίως ποιά, ἃ δὲ τοῦ σώματος ⟨...⟩. τὰ μὲν ἰδίως ποιὰ ⎡τὸ σχῆμα, ἡ χρόα, τὸ εἶδος, ὁ τόπος, ὁ χρόνος, ἡ κίνησις⎤· τὰ δὲ τοῦ σώματος ⎡ἴδιά ἐστι τὸ ἐσχηματισμένον σχῆμα καὶ τὸ κεχρωσμένον χρῶμα, ἔστι δὲ καὶ ἡ μεμορφωμένη μορφὴ καὶ ἡ ἐπιφάνεια καὶ τὸ μέγεθος. ταῦτά ἐστι τούτων ἀμέτοχα.⎤ 
8.5	ἡ μὲν οὖν νοητὴ οὐσία, πρὸς ⟨μὲν⟩ τῷ θεῷ γενομένη, ἑαυτῆς ἐξουσίαν ἔχει, καὶ [τοῦ] σώζει[ν] ⟨τὸ⟩ ἕτερον αὑτὴν σώζουσα· ⎡ἔπειθ’⎤ αὐτὴ [ἡ] ⟨καθ᾽ αὑτὴν⟩ οὖσα ὑπὸ ἀνάγκην οὐκ ἔστι[ν], ⟨⟨καὶ ἡ αἵρεσις αὐτῆς κατὰ πρόνοιαν⟩⟩ ⟨⟨γίνεται⟩⟩. ὑπολειφθεῖσα δὲ [ὑπὸ] τοῦ θεοῦ, αἱρε⟨ῖ⟩ται τὴν σωματικὴν φύσιν, [[καὶ ἡ αἵρεσις αὐτῆς κατὰ πρόνοιαν]] [τ]οὕτω δὲ ⟨τῇ⟩ τοῦ κόσμου ⟨ἀνάγκῃ ὑποπίπτει⟩ [[γίνεται]]. 
8.6	τὸ δὲ ἄλογον ⎡πᾶν⎤ ⟨...⟩ κινεῖται πρός τινα λόγον ⟨....⟩ 
8.7	⟨...⟩ καὶ ὁ μὲν λόγος κατὰ πρόνοιαν, τὸ δὲ ἄλογον κατ᾽ ἀνάγκην, τὰ δὲ περὶ τὸ σῶμα συμβεβηκότα καθ᾽ εἱμαρμένην. [καὶ] οὖτός ἐστιν ὁ λόγος τῶν κατὰ πρόνοιαν καὶ ⟨κατ᾽⟩ ἀνάγκην καὶ καθ᾽ εἱμαρμένην.
9.1	Καὶ γέγονεν, ὦ τέκνον, ἡ ὕλη καὶ ⟨ἀεὶ⟩ ἦν. ὕλη γὰρ ἀγγεῖον γενέσεώς ἐστι· γένεσις δὲ ἐνεργείας τ⟨ρ⟩όπος τοῦ ἀγεν[ν]ήτου καὶ προόντος [τοῦ] θεοῦ. τὸ σπέρμα οὖν τῆς γενέσεως ⟨ἀπὸ τοῦ θεοῦ⟩ λα[μ]β[αν]οῦσα γέγονε.
9.2	καὶ τρεπτὴ ἐγένετο, καὶ ἰδέας ἔ[ι]χε⟨ι πολλάς, ποικίλως⟩ μορφοποιουμένη· ἐφέστηκε γὰρ αὐτῇ τρεπομένη ἡ ⟨τοῦ θεοῦ ἐνέργεια⟩, τεχνιτεύουσα τὰς τῆς τροπῆς ἰδέας. ἀγεν[ν]ησία οὖν ⟨⟨ἡ⟩⟩ τῆς ὕλης ἀμορφία ἦν, [[ἡ]] [[δὲ]] γένεσις ⟨⟨δὲ⟩⟩ τὸ ἐνεργεῖσθαι. 
10.1	... ⎡ὡς καὶ⎤ περὶ τῶν τριῶν χρόνων ⎡εὑρεῖν⎤. οὔτε γὰρ καθ᾽ ἑαυτούς εἰσιν οὔτε συνήνωνται· καὶ πάλιν, ⟨καὶ⟩ συνήναωνται καὶ καθ᾽ ἑαυτούς εἰσιν. 
10.2	ἐὰν ⟨μὲν γὰρ⟩ χωρὶς εἶναι τοῦ παρεληλυθότος ὑπολάβῃς τὸν ἐνεστῶτα ⟨καὶ τοῦ ἐνεστῶτος τὸν μέλλοντα,...ἀδύνατον ⟨γάρ⟩ ἐστι ⟨τὸν⟩ [σ]ἐνεστῶτα ⟨γενέσθαι⟩ εἰ μὴ καὶ ⟨ὁ⟩ παρεληλυθὼς γένηται, ⟨καὶ τὸν μέλλοντα, εἰ μὴ καὶ ὁ ἐνεστώς·⟩ ἐκ γὰρ τοῦ ἀποιχομένου τὸ [σ]ἐνεστὸς γίνεται, καὶ ἐκ τοῦ ἐνεστῶτος τὸ μέλλον [ἔρχεται]. 
10.3	[[εἰ δὲ δεῖ..ἑστάναι δυνάμενος;]] 
10.4	καὶ [πάλιν] ὁ παρεληλυθὼς συνάπτων τῷ ἐνεστῶτι, καὶ ὁ ἐνεστὼς τῷ μέλλοντι, εἷς γίνεται [[οὐ γὰρ χωρὶς αὐτῶν εἰσι]] [τῇ ταυτότητι καὶ τῇ ἑνότητι καὶ] τῇ συνεχείᾳ. ⟨⟨οὐκ ἄρ⟨α⟩ χωρὶς ⟨ἑ⟩αυτῶν εἰσι⟨ν⟩.⟩⟩ 
10.5	⟨ἐὰν δὲ συνηνῶσθαι ὑπολάβῃς,....⟩ οὕτω [καὶ συνεχὴς καὶ] διεστὼς γίνεται, εἷς ὢν καὶ ὁ αὐτός, ⟨ὁ⟩ χρόνος. 
10.3x	⟨⟨εἰ δὲ δεῖ καὶ ἐπὶ πλέον βασανίσαι, οὕτω λογισώμεθα· τὸν μὲν παρεληλυθότα χρόνον ⎡οἰχεσθαι εἰς τὸ μηκέτι [οἴχεσθαι εἰς τὸ μηκέτι] εἶναι τοῦτον⎤, τὸν δὲ μέλλοντα μὴ ὑπάρχειν, ἐν τῷ μηδέπω παρεῖναι· ἀλλὰ μηδὲ τὸν ἐνεστῶτα ⎡συμπαρεῖναι⎤, ἐν τῷ ⟨μὴ⟩ μένειν. ὃς γὰρ οὐχ ἕστηκε⟨ν⟩ [[ῥοπήν]], ἔχων οὐδὲ κέντρου μονήν [χρόνου], πῶς ἐνεστὼς εἶναι λέγεται, ὁ μηδὲ ⟨⟨ῥοπὴν⟩⟩ ἑστάναι δυνάμενος;⟩⟩ 
11.1	νῦν δέ, ὦ τέκνον, ⟨ἐν⟩ κεφαλαίοις [τὰ ὄντα] ⟨πάντα⟩ διεξελεύσομαι· νοήσεις γὰρ τὰ λεγόμενα, μεμνημένος ὧν ἤκουσας. 
11.2	(1) πάντα τὰ [ὄντα] ⟨σώματα⟩ κινεῖται· μόνον τὸ [μὴ ὂν] ⟨ἀσώματον⟩ ἀκίνητον. (2) πᾶν σῶμα μεταβλητόν· οὐ πᾶν σῶμα διαλυτόν. [ἔνια τῶν σωμάτων διαλυτά.] (3) ⎡οὐ πᾶν ζῷον θνητόν· οὐ πᾶν ζῷον ἀθάνατον⎤. (4) τὸ διαλυτὸν φθαρτόν· [[τὸ]] μόνον ⟨⟨τὸ⟩⟩ ἀΔιάλΥτον ἀίδιον. (5) τὸ ἀεὶ γινόμενον ἀεὶ καὶ φθείρεται, τὸ δὲ ἅπαξ γενόμενον οὐδέποτε φθείρεται [οὐδὲ ἄλλο τι γίνεται]. (6) πρῶτον ὁ θεός, δεύτερον ὁ κόσμος, τρίτον ὁ ἄνθρωπος. (7) ⎡ὁ κόσμος διὰ τὸν ἄνθρωπον, ὁ δὲ ἄνθρωπος διὰ τὸν θεόν⎤. [[(8) ψυχῆς τὸ μὲν αἰσθητὸν θνητόν, τὸ δὲ λογικὸν ἀθdνατον.] (9) [πᾶσα οὐσία ἀθάνατος·] πᾶσα οὐσία μεταβλητή· ⟨οὐ πᾶσα οὐσία φθαρτή.⟩ (10) πᾶν τὸ ὂν κιΝΗτόν· οὐδὲ⟨ν⟩ τῶν ὄντων ἕστηκεν. (11) οὐ πάντα [ψυχῇ] κινεῖται, πᾶν δὲ ⟨τὸ κινούμεν⟩ον ψυχῇ κινεῖ⟨ται⟩. ⟨⟨(8) ψυχῆς τὸ μὲν αἰσθητ⟨ικ⟩ὸν θνητόν, τὸ δὲ λογικὸν ἀθάνατον.⟩⟩ (12) [πᾶν τὸ πάσχον αἴσθεται·] πᾶν τὸ αἰσθ⟨αν⟩όμενον πάσχει· ⟨μόνος⟩ ⟨⟨ὁ νοῦς ἀπαθής.⟩⟩ (13) πᾶν τὸ λυπούμενον καὶ ἥδεται [ζῷον θνητόν]· οὐ πᾶν τὸ ἡδόμενον λυπεῖται [ζῷον ἀίδιον]. (14) οὐ πᾶν σῶμα νοσεῖ· πᾶν σῶμα νοσοῦν διαλυτόν. (15) ὁ νοῦς ἐν τῷ θεῷ· [ὁ λογισμὸς ἐν τῷ ἀνθρώπῳ·] ὁ λόγος ἐν τῷ νοΐ. [[ὁ νοῦς ἀπαθής.]] (16) οὐδ[ε]ὲν σωματι⟨κὸν⟩ ἀληθές· ⟨μόν⟩ον ⟨⟨τὸ⟩⟩ ἀσώματοΝ [[τὸ]] [πᾶν] ἀψευδές. (17) πᾶν τὸ γενόμενον μεταβλητόν· οὐ πᾶν τὸ γενόμενον φθαρτόν. (18) οὐδὲν ἀγαθὸν ἐπὶ τῆς γῆς· οὐδὲν κακὸν ἐν τῷ οὐρανῷ. (19) ὁ θεὸς ἀγαθός· ὁ ἄνθρωπος κακός. (20) τὸ ἀγαθὸν ἑκούσιον· τὸ κακὸν ἀκούσιον. (21) οἱ θεοὶ τὰ ἀγαθὰ αἱροῦνται· ⟨οἱ ἄνθρωποι τὰ κακὰ αἱροῦνται⟩ ὡς ἀγαθά. (22) ⎡ἡ εὐνομία μεγάλη εὐνομία ἡ εὐνομία ὁ νόμος.⎤ (23) ⎡θεῖος χρόνος νόμος ἀνθρώπινος.⎤ (24) ⎡κακία κόσμου τρυφὴ χρόνος ἀνθρώπου φθορά⎤. (25) πᾶν ⟨τὸ⟩ ἐν οὐρανῷ ἀμετάθετον· πᾶν τὸ ἐπὶ γῆς μεταθετόν. (26) οὐδὲν ἐν οὐρανῷ δοῦλον· οὐδὲν ἐπὶ γῆς ἐλεύθερον. (27) οὐδὲν ἄγνωστον ἐν οὐρανῷ· οὐδὲν γνώριμον ἐπὶ τῆς γῆς. (28) οὐ κοινωνεῖ ⟨τὰ ἐν οὐρανῷ τοῖς ἐπὶ γῆς· κοινωνεῖ⟩ τὰ ἐπὶ γῆς τοῖς ἐν οὐρανῷ. (29) πάντα τὰ ἐν οὐρανῷ ἄμωμα· πάντα τὰ ἐπὶ γῆς ἐπίμωμα. (30) ⎡τὸ ἀθάνατον οὐ θνητόν· τὸ θνητὸν οὐκ ἀθάνατον.⎤ (31) τὸ σπαρὲν οὐ πάντως [γ]θνητόν, τὸ δὲ [γ]θνητὸν πάντως καὶ σπαρέν. (32) διαλυτοῦ σώματος δύο χρόνοι, ὁ ⎡ἀπὸ τῆς σπορᾶς μέχρι τῆς γενέσεως⎤ καὶ ὁ ⎡ἀπὸ τῆς γενέσεως μέχρι τοῦ θανάτου⎤· [τοῦ] ἀιδίου σώματος χρόνος ⎡ἐκ τῆς γενέσεως⎤ μόνος. (33) τὰ διαλυτὰ σώματα αὔξεται καὶ μειοῦται· ⟨τὰ ἀίδα σώματα...⟩. (34) ἡ διαλυτὴ ⎡ὕλη⎤ εἰς τὰ ἐναντία ἐναλλοιοῦται [φθορὰν καὶ γένεσιν], ἡ δὲ ἀίδιος [ἢ εἰς αὐτὴν ἢ] εἰς τὰ ὅμοια. (35) γένεσις [ἀνθρώπου] φθορᾶ⟨ς⟩, φθορὰ [ἀνθρώπου] γενέσεως ἀρχή. (36) τὸ ἀπογιγνόμενον ⟨καὶ ἐπιγίγνεται· τὸ ἐπιγιγνόμενον⟩ καὶ ἀπογίγνεται. (37) τῶν ὄντων τὰ μὲν [ἐν] σώματά ἐϲτι, τὰ δὲ [ἐν] ἰδέαι[ς], τὰ δὲ ἐνέργειαι[ς]· [σῶμα δὲ] [ἐν ἰδίαις] ἰδέα δὲ καὶ ἐνέργεια, ⟨ἀσώματα ὄντα,⟩ ἐν σώματί ἐστι. (38) τὸ ἀθάνατον οὐ μετέχει τοῦ θνητοῦ, τὸ δὲ θνητὸν τοῦ ἀθανάτου μετέχει. (39) τὸ μὲν θνητὸν εἰς ἀθάνατον σῶμα οὐκ ἔρχεται, τὸ δὲ ἀθάνατον εἰς θνητὸν ⟨σῶμα⟩ παραγίνεται. (40) αἱ ἐνέργειαι οὐκ εἰσὶν ἀνωφερεῖς, ἀλλὰ κατωφερεῖς. (41) οὐδὲν ὠφελεῖτα⟨ι⟩ [[ἐπὶ γῆς]] τὰ ἐν οὐρανῷ ⟨ἀπὸ τῶν⟩ ⟨⟨ἐπὶ γῆς⟩⟩· πάντα ὠφελεῖ⟨ται⟩ τὰ ἐπὶ γῆς ⟨ἀπὸ⟩ τῶ⟨ν⟩ ἐν οὐρανῷ. (42) ὁ οὐρανὸς σωμάτων ἀιδίων δεκτικός· ἡ γῇ σωμάτων φθαρτῶν δεκτική. (43) ἡ γῆ ἄλογος· ὁ οὐρανὸς λοΓ⟨ικ⟩ός. (44) ⎡τὰ ἐν οὐρανῷ ὑπόκειται· τὰ ἐπὶ γῆς τῇ γῇ ἐπίκειται.⎤ (45) ὁ οὐρανὸς πρῶτον ⟨τῶν⟩ στοιχείων· ἡ γῆ ὕστατον ⟨τῶν⟩ στοιχείων. (46) πρόνοια θεία τάξις· ἀνάγκη προνοίᾳ ὑπηρέτις. (47) τύχη φορὰ ⟨ἄτακτος⟩· [ἀτάκτου ἐνεργείας ⟨προσηγορίαι⟩·] ⟨...⟩. [⎡εἴδωλον δόξα ψευδής⎤.] (48) τί θεός; ἄτρεπτον, ἀγαθόν. τί ἄνθρωπος; [ἀ]τρεπτόν, κακόν. 
11.3	τούτων τῶν κεφαλαίων μεμνημένος, καὶ ὧν σοι διὰ πλειόνων λόγων διεξῆλθον εὐκόλως ἀναμνησθήσῃ· ταῦτα γὰρ ἐκείνων εἰσὶ περιοχαί. 
11.4	τὰς μέντοι πρὸς τοὺς πολλοὺς ὁμιλίας παραιτοῦ· φθονεῖν μὲν γάρ σε οὐ βούλομαι, μᾶλλον δὲ ὅτι τοῖς πολλοῖς δόξεις καταγέλαστος εἶναι. τὸ γὰρ ὅμοιον πρὸς τὸ ὅμοιον παραλαμβάνεται, ἀνόμοιος δὲ ἀνομοίῳ οὐδέποτε φίλος. οὗτοι δὲ οἱ λόγοι ὀλίγους παντελῶς τοὺς ἀκροατὰς ἕζουσιν ⟨ἀξίους⟩, ἢ τάχα οὐδὲ τοὺς ὀλίγους [ἕξουσιν]. 
11.5	ἔχουσι δέ τι καὶ ἴδιον ἐν ἑαυτοῖς· τοὺς κακοὺς μᾶλλον παροξύνουσι πρὸς τὴν κακίαν. [διὸ χρὴ τοὺς πολλοὺς φυλάττεσθαι, ⟨ὡς⟩ μὴ νοοῦντας τῶν λεγομένων τὴν ἀρετήν.]—Πῶς εἶπας, ὦ πάτερ;—Οὕτως, ὦ τέκνον. [πᾶν] τὸ ζῷον ⟨τὸ⟩ τῶν ἀνθρώπων ἐπιρρεπέστερόν ἐστιν εἰς τὴν κακίαν· καὶ ⟨γὰρ⟩ ταύτῃ σύντροφον γίγνεται, διὸ καὶ ἥδεται αὐτῇ. τοῦτο δὲ τὸ ζῷον ἐὰν μάθῃ ὅτι γενητὸς ὁ κόσμος, καὶ ⟨ὅτι⟩ πάντα κατὰ [πρόνοιαν καὶ] ἀνάγκην γίνεται, εἱμαρμένης πάντων ἀρχούσης, οὕ⟨τω⟩ πολλῷ ἑαυτοῦ χεῖρον ἔσται, καταφρονῆσαΝ μὲν τοῦ παντὸς ὡς γενητοῦ, τὰς δὲ αἰτίας τοῦ κακοῦ τῇ εἱμαρμένῃ ἀναφέρον, οὐΔ᾽ ἀφέξεταί ποτε παντὸς ἔργου κακοῦ. διὸ φυλακτέον αὐτούς, ὅπως ἐν ἀγνοίᾳ ὄντες ἔλαττον ὦσι κακοὶ [φόβῳ τοῦ ἀδήλου].
12.1	πάντα δὲ γίνεται ⎡φύσει καὶ εἱμαρμένῃ⎤, καὶ οὐκ ἔστι τόπος ἔρημος προνοίας. πρόνοια δέ ἐστιν αὐτοτελὴς λόγος τοῦ ἐπουρανίου θεοῦ· δύο δὲ τούτου ⎡αὐτοφυεῖς⎤ δυνάμεις, ἀνάγκη καὶ εἱμαρμένη. ⟨καὶ ἡ μὲν ἀνάγκη...·⟩
12.2	ἡ δὲ εἱμαρμένη ὑπηρετεῖ προνοίᾳ ⎡καὶ ἀνάγκῃ.⎤ τῇ δὲ εἱμαρμένῃ ὑπηρετοῦσιν οἱ ἀστέρες. [οὔτε γὰρ εἱμαρμένην φυγεῖν τις δύναται, οὔτε φυλάξαι ἑαυτὸν ἀπὸ τῆς τούτων δεινότητος.] ὅπλον γὰρ εἱμαρμένης οἱ ἀστέρες· κατὰ γὰρ ταύτην πάντα ἀποτελοῦσι τῇ φύσει καὶ τοῖς ἀνθρώποις.
13.1	ἀνάγκη ἐστὶ κρίσις βεβαία καὶ ἀμετάτρεπτος [δύναμις] προνοίας. 
14.1	καὶ ἡ μὲν διακρατοῦσα τὸν ὅλον κόσμον πρόνοιά ἐστιν· ἡ δὲ ⎡συνέχουσα καὶ περιέχουσα⎤ ἀνάγκη ἐστίν. εἱμαρμένη δὲ ἄγει καὶ περιάγει πάντα, κατ᾽ ἀνάγκΗΝ ⟨ἐνεργ⟩οῦσα· φύσις γάρ ἐστιν αὐτῆς τὸ ἀναγκάζειν. [αἰτία γενέσεως καὶ φθορᾶς ⎡βίου⎤.] 
14.2	ὁ μὲν οὖν κόσμος ⎡πρῶτος ἔχει τὴν πρόνοιαν· πρῶτος γὰρ αὐτῆς τυγχάνει⎤. ἡ δὲ πρόνοια ἐξήπλωται ἐν τῷ οὐρανῷ. ⎡διότι καὶ⎤ ⟨οἱ⟩ θεοὶ περὶ αὐτὸν στρέφονται [καὶ κινοῦνται] ἀκάματον καὶ ἄπαυστον κίνησιν ἔχοντες. εἱμαρμένη δὲ ⎡διότι καὶ ἀνάγκη⎤. καὶ ἡ μὲν πρόνοια ⟨...⟩ προνοεῖ, εἱμαρμένη δὲ αἰτία ἐστὶ ⎡τῆς τῶν ἄστρων διαθέσεως.⎤ ⎡οὗτος⎤ νόμος ἄφυκτος καθ᾽ ὃν πάντα τέτακται. 
15.1	κινεῖται δὲ τὸ κινούμενον κατ⟨ὰ τὴν⟩ ἐνέργειαν τῆς [κινήσεως] ⟨φύσεως⟩, τῆς κινούσης τὸ πᾶν ⟨⟨καὶ διὰ πάντων πεφοιτηκΥίαϲ⟩⟩. ἡ ⟨μὲν⟩ γὰρ φύσις [τοῦ παντὸς] τῷ παντὶ παρέχει κινήσεις [μίαν μὲν τὴν κατὰ δύναμιν ⎡αὐτῆς⎤, ἑτέραν δὲ τὴν κατ᾽ ἐνέργειαν]· ⟨ἡ δὲ νοερὰ οὐσία....⟩ καὶ ἡ μὲν διήκει διὰ τοῦ σύμπαντος κόσμου καὶ ἐντὸς συνέχει, ἡ δὲ ⎡παρήκει⎤ καὶ ἐκτὸς περιέχει. [[καὶ διὰ πάντων πεφοιτήκασι κοινῇ.]] 
15.2	καὶ ἡ φύσις, πάντα φύουσα τὰ γιγνόμενα, [φυὴν] ⟨μορφὴν⟩ παρέχει τοῖς φυομένοις, σπείρουσα μὲν ⟨εἰς ὕλην⟩ τὰ ἑαυτῆς σπέρματα [γένεσις], ἔχουσα δὲ ⟨τὴν⟩ ὕλην κινητήν. κινοιυμένη δὲ θερμαίνεται ⟨καὶ ψύχεται ἡ⟩ ⟨⟨ὕλη⟩⟩, καὶ γίγνεται [[ὕλη]] πῦρ καὶ ὕδωρ, τὸ μὲν σθεναρὸν καὶ ἰσχυρόν, ⟨τὸ δὲ ἀσθενές, καὶ τὸ μὲν ποιοῦν,⟩ τὸ δὲ πάσχον. τὸ δὲ πῦρ, ἐναντιούμενον τῷ ὕδατι, ἐξήρανε τοῦ ὔδατος, καὶ ἐγένετο ⟨ἡ γῆ⟩ [[ὀχουμένη ἐπὶ τοῦ ὕδατος]]. περιξηραινομένωΝ δὲ ⟨τούτων⟩, ἀτμὸς ἐγένετο ἐκ [τῶν τριῶν] τοῦ τε ὕδατος ⟨καὶ⟩ τῆς γῆς [καὶ τοῦ πυρός], καὶ ἐγένετο ἀήρ, ⟨⟨ὀχούμενοϲ ἐπὶ ⟨τῆς γῆς καὶ⟩ τοῦ ὕδατος.⟩⟩ 
15.3	ταῦτα ⟨δὲ⟩ συνῆλθε κατὰ τὸν τῆς ἁρμονίας λόγον, θερμὸν ψυχρῷ, ξηρὸν ὑγρῷ, καὶ ἐκ τῆς συμπνοίας τούτων ἐγένετο ⟨...⟩. * * * * * 
15.4	⟨...⟩ πνεῦμα [καὶ σπέρμα] ἀνάλογον τῷ περιέχοντι πνεύματι. τοῦτο δέ, ἐς τὴν μήτραν ἐμπεσόν, οὐκ ἠρεμεῖ [ἐν τῷ σπέρματι]· οὐκ ἠρεμοῦν δέ, μεταβάλλει τὸ ⎡σπέρμα⎤· μεταβαλλόμενον δὲ ⟨τοῦτο⟩ αὔξην ἴσχει καὶ μέγεθος· ἐπὶ τῷ μεγέθει δὲ [εἴδωλον] ἐπισπᾶται σχῆμα[τος]. καὶ σχηματίχεται· [ὀχ]εἶτα[ι] δὲ ἐπὶ τῷ σχήματι ⟨προσδέχεται⟩ τὸ εἶδος, δι᾽ οὗ καὶ εἰδ[ωλ]οποιεῖται τὸ [εἰδωλοποιούμενον] ⟨γινόμενον⟩. ⟨⟨τὸ δ᾽ ἐν τῇ νηδύι ἀριθμοῖς λοχεύει καὶ μαιοῦται ⟨ἡ φύσις⟩, καὶ εἰς τὸν ἔξω ἀέρα ἄγει.⟩⟩ 
15.5	ἐπεὶ τοίνυν τὸ πνεῦμα οὐκ εἶχεν ἐν τῇ νηδύι τὴν ζωτικὴν κίνησιν, τὴν δὲ βλαστικὴν ⟨μόνην⟩, καὶ [ταύτην] ⟨ψυχὴν προσ⟩ήρμοσεν ⟨ἡ φύσις τῇ⟩ ἁρμονίᾳ, ὑποδοχὴν οὖσαν τῆς [διανοητικῆς] ζω⟨τικ⟩ῆς ⟨ἐνεργείας⟩. ⟨⟨παρεισέρπει γὰρ τῷ πνεύματι ⟨ἡ ψυχή⟩, καὶ κινεῖ ζωτικῶς.⟩⟩ [[ἔστι δὲ αὕτη ἀμερὴς καὶ ἀμετάβλητος, οὐδέποτε ἐξισταμένη τῆς ἀμεταβλησίας.]] [[τὸ δ᾽ ἐν τῇ νηδύι ἀριθμοῖς λοχεύει καὶ μαιοῦται, καὶ εἰς τὸν ἔξω ἀέρα ἄγει.]] 
15.6	καὶ ⟨ἡ⟩ ἐγγυτάτω ⟨⟨⟨παρ⟩οῦσα⟩⟩ ψυχὴ [[οὖσα]] ⟨προσ⟩οικειοῦται, οὐ κατά τιν⟨α⟩ συγγενικὴν ὁΜοιότητα ⟨παραγενομένη⟩, ἀλλὰ [τὴν] καθ᾽ εἱμαρμένην· οὐ γὰρ ἔρω⟨ς⟩[των] ἐστὶν αὐτῇ ⟨τοῦ⟩ μετὰ σώματος εἶναι. διὰ τοῦτο καθ᾽ εἱμαρμένην ⟨...⟩. 
15.7	⟨...⟩ παρέχει τῷ γενομένῳ διανοητικὴν κίνησιν. ⟨...⟩ καὶ νοερὰν [ζωῆς αὐτῆς] οὐσίαν. ⟨⟨ἔστι δὲ αὕτη ἀμερὴς καὶ ἀμετάβλητος, οὐδέποτε ἐξισταμένη τῆς ἀμεταβλησίας.⟩⟩ [[παρεισέρπει γὰρ τῷ πνεύματι καὶ κινεῖ ζωτικῶς.]]
16.1	⟨ἡ⟩ ψυχὴ τοίνυν οὐσία ἐστὶν ἀσώματος· καὶ ἐν σώματι δὲ οὖσα οὐκ ἐκβαίνει τῆς ἰδίας οὐσιότητος. τυγχάνει γὰρ οὖσα ⎡ἀεικίνητος κατ᾽ οὐσίαν κατὰ νόησιν αὐτοκίνητος⎤, οὐκ ἔν τινι ⎡κινουμένη⎤, οὐ πρός τι, οὐ⟨χ⟩ ἕνεκέν τινος. προτερεῖ γὰρ τῇ δυνάμει, τὸ δὲ πρότερον οὐ δεῖ τῶν ὑστέρων. 
16.2	⎡τὸ ἔν τινι τοίνυν ἐστὶν⎤ ὁ τόπος καὶ ⟨ὁ⟩ χρόνος ⎡καὶ φύσις⎤· ⎡τὸ δὲ πρός τι ἐστὶν ἁρμονία καὶ εἶδος καὶ σχῆμα·⎤ τὸ δὲ οὗ ἕνεκα ⟨ταῦτα⟩, τὸ σῶμα. 
16.3	ἕνεκα γὰρ σώματος καὶ χρόνος καὶ τόπος καὶ φυσικ⟨ὴ κίνησις⟩· [ταῦτα δὲ κατὰ συγγενικὴν οἰκειότητα κοινωνεῖ ἀλλήλοις.] [ἐπεὶ τοίνυν τὸ σῶμα ἐδεῖτο τόπου] ἀμήχανον γὰρ [ἦν] συστῆναι σῶμα ἄνευ τόπου, [καὶ μεταβάλλεται φυσικῇ ⟨κινήσει⟩,] ἀδύνατον δὲ μεταβολὴν ⟨σώματος⟩ εἶναι ἄνευ χρόνου καὶ τῆς κατὰ φύσιν κινήσεως. [οὔτε σώματος οἷόν τε σύστασιν εἶναι ἄνευ ἁρμονίας]. 
16.4	ἕνεκα ⎡τοίνυν⎤ τοῦ σώματός ἐστιν ὁ τόπος· παραδεχόμενος γὰρ τὰς τοῦ σώματος μεταβολὰς οὐκ ἐᾷ ἀπόλλυσθαι τὸ μεταβάλλομενον. μεταβαλλόμενον δὲ ⟨τὸ σῶμα⟩ ἀπὸ ἑτέρου εἰς ἕτερον μεταπίπτει, καὶ τῆς μὲν ἕξεως στερίσκεται, τοῦ δὲ εἶναι σῶμα οὐχί [συστατόν]· μεταβληθὲν δὲ εἰς ἕτερον, τὴν τοῦ ἑτέρου ἕξιν ἔχει. ⟨⟨τὸ σῶμα τοίνυν κατὰ διάθεσιν μεταβάλλεται·⟩⟩ τὸ γὰρ σῶμα, ᾗ σῶμα, μένει [σῶμα], ἡ δὲ ποιὰ διάθεσις οὐ μένει. [[τὸ σῶμα τοίνυν κατὰ διάθεσιν μεταβάλλεται.]] 
16.5	⟨ἕνεκ⟩α σώματος τοίνυν ὁ τόπος καὶ ὁ χρόνος καὶ ἡ φυσικὴ κίνησις. 
16.6	τυγχάνει δὲ ἕκαστον τούτων τῆς ἰδίας ἰδιότητος· ἰδιότης δὲ [τοῦ] τόπου παραδοχή, χρόνου δὲ διάστημα καὶ ἀριθμός, ⎡φύσεως δὲ κίνησις, [ἁρμονίας δὲ φιλία,] σώματος δὲ μεταβολή.⎤ ἰδιότης δὲ ψυχῆς ἡ κατ᾽ οὐσίαν νοη⟨τὴν κίνη⟩σις. 
17.1	ψυχὴ τοίνυν ἐστίν, ὦ Ἄμμων, οὐσία αὐτοτελὴς ἐν ἀρχῇ· ἑλομένη ⟨δὲ⟩ βίον τὸν καθ᾽ εἱμαρμένην, ⟨...⟩ καὶ ἐπεσπάσατο ἑαυτῇ ⟨ἄ⟩λογόν ⟨τι⟩ ὅμοιον τῇ ὕλῃ. 
17.2	⟨... ⟩ ⎡ἔχοντα⎤ θυμὸν καὶ ἐπιθυμίαν. καὶ ὁ μὲν θυμός [ὑπάρχει ὕλη. οὗτος], ἐὰν ἕξιν ποιήσῃ πρὸς τὸ τῆς ψυχῆς νόημα, γίνεται ἀνδρεία, καὶ οὐ παράγεται ὑπὸ δειλίας· ἡ δὲ ἐπιθυμία [παρέχεται. αὕτη], ἐὰν ἕξιν ποιήσηται πρὸς τὸν τῆς ψυχῆς λογισμόν, γίνεται σωφροσύνη, καὶ οὐ κινεῖται ὑπὸ ἡδονῆς. 
17.3	[ἀναπληροῖ γὰρ ὁ λογισμὸς τὸ ἐνδέον τῆς ἐπιθυμίας.] ὅταν δὲ ἀμφότερα ὁμονοήσῃ καὶ ἴσην ἕξιν ποιήσῃ, καὶ ἔχηται ἀμφότερα τοῦ τῆς ψυχῆς λογισμοῦ, γίνεται δικαιοσύνη· ἡ γὰρ ἴση ἕξις αὐτῶν ἀφαιρεῖ μὲν τὴν ὑπερβολὴν τοῦ θυμοῦ, ἐπανισοῖ δὲ τὸ ἐνδέον τῆς ἐπιθυμίας. 
17.4	[ἀρχὴ δὲ τούτων ἡ διανοητικὴ οὐσία] [καθ᾽ αὑτὴν ἑαυτὴ οὖσα ἐν τῷ αὑτῆς περινοητικῷ λόγῳ] [κράτος ἔχουσα τὸν ἑαυτῆς λόγον.] 
17.5	ἄρχει δὲ ⟨τούτων⟩ [[καὶ ἡγεμονεύει]] ἡ ⟨νοητικὴ⟩ οὐσία, ⟨⟨καὶ ἡγεμονεύει⟩⟩ ὥσπερ ἄρχων, ὁ δὲ λόγος ⟨συνακολουθεῖ⟩ αὐτῇ[ς] ὥσπερ σύμβουλος. 
17.6	ὁ [περι] [[νοητικὸς]] λόγος τοίνυν τῆς ⟨⟨νοητικ῀Ης⟩⟩ οὐσίας ἐστί· ⎡γνῶσις τῶν λογισμῶν τῶν παρεχόντων⎤ ⟨... ⟩ ⟨ἀπ⟩είκασμα λογισμοῦ [τῷ ἀλόγῳ], ἀμυδρὸν μὲν ὡς πρὸς λογισμόν, [λογισμὸν] [[δὲ ὡς πρὸς τὸ ἄλογον,]] καθάπερ ἠχὼ πρὸς φωνήν, καὶ τὸ τῆς σελήνης λαμπρὸν πρὸς ⟨τὸ τοῦ⟩ ἡλίοΥ, ⟨σαφὲς⟩ ⟨⟨δὲ ὡς πρὸς τὸ ἄλογον.⟩⟩ 
17.7	[ἥρμοσται δὲ θυμὸς καὶ ἐπιθυμία πρός τινα λογισμόν] [καὶ ἀνθέλκει ἄλληλα] [καὶ ἐπίσταται ἐν ἑαυτοῖς κυκλικὴν διάνοιαν.]
18.1	⎡ἔστι τοίνυν οὐσία καὶ λόγος καὶ νόημα καὶ διάνοια. φέρεται δὲ ἐπὶ τὴν οὐσίαν. φέρεται δ᾽ ἐπὶ τὴν διάνοιαν καὶ δόξα καὶ αἴσθησις. ἴεται δ᾽ ὁ λόγος ἐπὶ τὴν οὐσίαν. τὸ δὲ νόημα δι᾽ αὐτοῦ ἴεται. ἐπιπλέκεται δὲ τὸ νόημα τῇ διανοίᾳ· ἔλθοντα δὲ δι᾽ ἀλλήλων μία ἰδέα ἐγένοντο. αὕτη δέ ἐστιν ἡ τῆς ψυχῆς. φέρεται δ᾽ ἐπὶ τὴν αὐτῆς διάνοιαν δόξα καὶ αἴσθησις. ταῦτα δὲ ἐπὶ τοῦ αὐτοῦ οὐ μένει.⎤ 
18.2	⟨...⟩ ἔνθεν καὶ ὑπερβάλλει καὶ ἐλλείπει, καὶ ἑαυτῷ διαφέρεται. χεῖρον μὲν γίνεται ὅταν ἀποσπασθῇ τῆς διανοίας· ὅταν δὲ ἀκολουθῇ καὶ πείθηται, κοινωνεῖ τῷ [νοηματικῷ] λόγῳ ⎡διὰ τῶν μαθημάτων⎤. 
18.3	⟨...⟩ τὸ δὲ αἱρεῖσθαι ἔχομεν· τὸ γὰρ αἱρεῖσθαι τὸ κρεῖττον ἐφ᾽ ἡμῖν ἐστίν, ὁμοίως δὲ καὶ τὸ χεῖρον. ⟨...⟩ ἀκουσίως· ἐχομένη γὰρ [αἵρεσις] ⟨ἡ ψυχὴ⟩ τῶν κακῶν πλησιάζει τῇ σωματικῇ φύσει, ⟨καὶ⟩ διὰ τοῦτο τῷ ⟨τὸ χεῖρον⟩ ἑλομένῳ εἱμαρμένη δυναστεύει. 
18.4	⎡ἐπεὶ τοίνυν⎤ ἡ ἐν ἡμῖν [σωματικὴ] ⟨νοητικὴ⟩ οὐσία αὐτεξούσιός ἐστιν. [ὁ περὶ νοηματικὸς λόγος.] αὕτη δ᾽ ἀεὶ κατὰ ταὐτὰ καὶ ὡσαύτως ἔχει, ⟨⟨ἀμέτοχος οὖσα τῆς τῶν γινομένων φύσεως,⟩⟩ ⟨καὶ⟩ διὰ τοῦτο εἱμαρμένη ταύτΗϲ οὐχ ἅπτεται. 
18.5	⎡παραθεῖσα δὲ τὸν πρῶτον ἀπὸ τοῦ πρώτου θεοῦ διανοητικὸν λόγον προίησι καὶ ὅλον τὸν λόγον.⎤ ⟨...⟩ ⎡ον⎤ συνέταξε⟨ν ἡ⟩ φύσις τοῖς γιγνομένοις· τούτοις ⟨δὲ ἡ⟩ ψυχὴ κοινωνήσασα κοινωνεῖ καὶ τ῀Ης τούτων εἱμαρμέντΗς. [[ἀμέτοχος οὖσα τῆς τῶν γινομένων φύσεως.]]
19.1	⟨ἡ⟩ ψυχὴ τοίνυν ἐστὶν ⎡ἀίδιος νοητικὴ οὖσα νόημα ἔχουσα τὸν ἑαυτῆς λόγον. συννοοῦσα δὲ διάνοιαν τῆς ἁρμονίας ἐπισπᾶται.⎤ ἀπαλλαγεῖσα δὲ τοῦ φυσικοῦ σώματος, αὐτὴ καθ᾽ αὑτὴν μένει [αὐτὴ ἑαυτῆς οὖσα] ἐν τῷ νοητῷ κόσμῳ. ⎡ἄρχει δὲ τοῦ ἑαυτῆς λόγου φέρουσα ὁμοίαν κίνησιν ἐν τῷ ἑαυτῆς νοήματι ὀνόματι ζωὴν τῷ εἰς ζωὴν ἐρχομένῳ.⎤ 
19.2	τοῦτο γὰρ ἴδιον ψυχῆς, τὸ παρέχειν ἑτέροις ὅμοιόν ⟨τι⟩ τῇ ⎡ἰδιότητι⎤ αὐτῆς. 
19.3	δύο τοίνυν εἰσὶ ζωαὶ καὶ δύο κινήσεις, μία μὲν ἡ κατ᾽ οὐσίαν, ἑτέρα δὲ ἡ κατὰ φύσιν [σώματος]. καὶ ἡ μὲν [γενικωτέρα καὶ ἡ] κατ᾽ οὐσίαν αὐτεξούσιος, ἡ δὲ ἀναγκαστ[ικ]ή· πᾶν γὰρ τὸ κινούμενον τῇ τοῦ κινοῦντος ἀνάγκῃ ὑποτέτακται. 
19.4	⎡ἡ δὲ κινοῦσα κίνησις τῷ τῆς νοητικῆς οὐσίας ἔρωτι ᾠκείωται. εἴη γὰρ ἂν ψυχὴ ἀσώματος⎤ ἀμέτοχος οὖσ[ι]α τοῦ φυσικοῦ σώματος. εἰ γὰρ ⎡ἔχει σῶμα⎤, οὔτε λόγον ἔχει οὔτε νόησιν. πᾶν γὰρ σῶμα ἀνόητον· μεταλαβὸν δὲ οὐσίας, τὸ εἶναι ζῷον ἔμπνουν ἔσχε. 
19.5	καὶ τὸ μὲν πνεῦμα τοῦ σώματός ⟨ἐστι τὸ αἰσθητικόν⟩, ὁ δὲ λόγος τῆς οὐσίας ⟨⟨ἐστὶ τὸ φρονοῦν. συνυπάρχει δὲ τῷ ⟨μὲν⟩ λόγῳ ἡ τῶν ⎡τιμίων⎤ γνῶσις, τῷ δὲ πνεύματι ἡ δόξα·⟩⟩ ⟨ὁ μὲν γὰρ⟩ τοῦ ⎡καλοῦ⎤ θεωρητικός ἐστι, τὸ δὲ [αἰσθητικὸν πνεῦμα] τῶν φαινομένων κριτικόν ἐστι. διῄρηται δὲ ⟨τὸ πνεῦμα⟩ εἰς τὰς ὀργανικὰς αἰσθήσεις, καὶ ἔστι [τι] μέρος αὐτοῦ [πνενματικὴ] ὁρατικ⟨ὸν⟩ καὶ ἀκουστικὸν καὶ ὀσφρητικὸν καὶ γευστικὸν καὶ ἁπτικόν. τοῦτο τὸ πνεῦμα ⎡ἀνάγον γενόμενον διανοίας⎤ κρίνει ⎡τὸ αἰσθητικόν⎤· εἰ δὲ μή. φαντάζεται μόνον. 
19.6	[τοῦ γὰρ σώματός ἐστι καὶ δεκτικὸν πάντων, ὁ δὲ λόγος τῆς οὐσίας] [[ἐστὶ τὸ φρονοῦν. συνυπάρχει δὲ τῷ λόγῳ ἡ τῶν τιμίων γνῶσις, τῷ δὲ πνεύματι ἡ δόξα.]] 
19.7	⟨...⟩ τὸ μὲν γὰρ ἀπὸ τοῦ περιέχοντος κόσμου τὴν ἐνέργειαν ἔχει, ἡ δὲ ἀφ᾽ ἑαυτῆς. 
20.1	ἔστι τοίνυν ἡ ψυχὴ ἀσώματος οὐσία· ⟨...⟩. εἰ γὰρ ⟨μὴ ψυχὴν⟩ ἔχει ⟨τὸ⟩ σῶμα, οὐκέτι ἔσται [ἑαυτῆς σωστική]. πᾶν γὰρ σῶμα [δεῖται] ⟨πρὸς⟩ τὸ[υ] εἶναι δεῖται [καὶ] ζωῆς, τῆς ἐν [τάξει] ⟨ψυχῇ⟩ κειμένης. 
20.2	παντὶ γὰρ τῷ γένεσιν ἔχοντι καὶ [μεταβολὴν] ⟨φθορὰν⟩ δεῖ ἐπακολουθεῖν, τὸ γὰρ γινόμενον ⎡γίνεται ἐν μεγέθει, γινόμενον⎤ αὔξην ἔχει· παντὶ [γὰρ] ⟨δὲ⟩ τῷ αὐξανομένῳ ἐπακολουθεῖ μείωσις, μειώσει ⟨δὲ⟩ φθορά. 
20.3	μετειληφὸς δὲ [εἴδους] [ζωῆς] ⟨ψυχῆς⟩, ζῇ, καὶ κοινωνεῖ τοῦ εἶναι τ῀ιΗ ψυχ῀ιΗ. ἡ δὲ αἰτία ἑτέρῳ τοῦ εἶναι αὐτὴ πρώτωϲ [ὂν] ἔστι. τὸ δὲ εἶναι νῦν λέγω τὸ [ἐν λόγῳ γενέσθαι καὶ] μετέχειν ζωῆς [νοερᾶς]. [[παρέχει δὲ ἡ ψυχὴ ζωὴν νοεράν.]] 
20.4	καλεῖται δὲ ⟨ὁ ἄνθρωπος⟩ ζῷον μὲν διὰ τὴν ζωήν, λογικὸν δὲ διὰ τὸ νοερόν, θνητὸν δὲ διὰ τὸ σῶμα. ⟨ἡ⟩ ψυχὴ ἄρα [ἀσώματος], ἀμετάπτωτον ἔχουσα τὴν δύναμιν ⟨τοῦ ζωὴν παρέχειν, τῷ ἀνθρώπῳ⟩ ⟨⟨παρέχει [δὲ ἡ ψυχὴ] ζωὴν νοεράν.⟩⟩ πῶς γὰρ οἷόν τέ ἐστι λέγειν ζῷον [νοερὸν] ⟨τὸν ἄνθρωπον⟩, μὴ οὔσης οὐσίας τῆς καὶ παρεχούσης ζωήν; ἀλλὰ οὐδὲ λογικὸν οἷόν τέ ἐστιν εἰπεῖν, μὴ οὔσης [τῆς διανοητικῆς] οὐσίας τῆς καὶ παρεχούσης νοερὰν ζωήν. 
20.5	⟨⟨οὐκ⟩⟩ ἐν πᾶσι δὲ [[οὐκ]] ⟨ἐπὶ τὸ τέλος⟩ ἀφικνεῖται τὸ νοερόν, διὰ ⟨τὸ ἔν τισι μὴ κατὰ τὸ μέσον ἡρμόσθαι⟩ τὴν τοῦ σώματος σύστασιν [πρὸς τὴν ἁρμονίαν]. ἐὰν γὰρ ὑπερέχῃ ἐν τῇ συστάσει τὸ θερμόν, κοῦφος καὶ ἔνθερμος γίνεται ⟨ὁ ἄνθρωπος⟩· ἐὰν δὲ τὸ ψυχρόν, βαρὺς καὶ νωχελὴς γίνεται. ⟨ἡ μὲν⟩ ⟨⟨γὰρ⟩⟩ φύσις [[γὰρ]] ἁρμόζει τὴν τοῦ σώματος σύστασιν ⎡πρὸς τὴν ἁρμονίαν⎤· ⟨⟨παραλαβοῦσα δὲ ⟨ἡ⟩ ψυχὴ ⟨τὸ σῶμα⟩ καθὼς εἴργασται, [τ]οὕτω παρέχει ζωὴν τῷ τῆς φύσεως ἔργῳ.⟩⟩ 
20.6	εἴδη δὲ τῆς ⟨τοῦ σώματος⟩ ἁρμονίας τρία, τὸ κατὰ τὸ θερμόν, καὶ τὸ κατὰ ⟨τὸ⟩ ψυχρόν, καὶ τὸ κατὰ τὸ μέσον· ἁρμόζει δὲ ⟨ἡ φύσις⟩ κατὰ τὸν ἐπικρατήσαντα ἀστέρα τῆς συγκρά[τη]σεως [τῶν ἀστέρων]. [[παραλαβοῦσα δὲ ψυχὴ καθὼς εἴργασται τούτῳ παρέχει ζωὴν τῷ τῆς φύσεως ἔργῳ.]] 
20.7	ἡ φύσις τοίνυν ὁμοιοῖ τὴν ἁρμονίαν τοῦ σώματος τῇ τῶν ἀστέρων ⎡συγκράσει⎤, ⎡καὶ ἑνοῖ τὰ πολυμιγῆ πρὸς τὴν τῶν ἄστρων ἁρμονίαν⎤ ὥστε ἔχειν πρὸς ἄλληλα συμπάθειαν. ⎡τέλος γὰρ τῆς τῶν ἀστέρων ἁρμονίας τὸ γεννᾶν συμπάθειαν καθ᾽ εἱμαρμένην αὐτῶν.⎤
21.1	ἔστι τοίνυν τὸ προὸν ἐπ[ι]⟨έκεινα⟩ πάντων τῶν ὄντων, καὶ τῶν ὄντως ὄντων προόν. ⎡ὂν γάρ ἐστι δι᾽ οὗ⎤ ἡ οὐσιότης, [ἡ] καθόλου λεγομένη, κοινή ⟨ἐστι τῶν⟩ νοητῶν ⟨καὶ τῶν αἰσθητῶν⟩. ⟨...⟩ τῶν ὄντως ὄντων καὶ [τῶν ὄντων τῶν] καθ᾽ ἑαυτὰ νοουμένων. τὰ δὲ ⟨αἰσθητά⟩, ἐνάντια ⟨ὄντα⟩ τούτοις, κατὰ τὸ ἕτερον πάλιν ⟨ἔστιν· οὐ γὰρ⟩ αὐτὰ καθ᾽ ἑαυτὰ ἔστι. ⟨... ἡ δὲ⟩ φύσις οὐσία αἰσθητή, ἐχουσα ἐν ἑαυτῇ ⟨τὰ⟩ αἰσθητὰ πάντα. μεταξὺ δὲ τούτων [νοη[μα]τ[ικ]οὶ καὶ αἰσθητοὶ θεοὶ] ⟨τὰ δοξαστά⟩, τὰ μὲν μετέχοντα τῶν νοητῶν, τὰ δὲ ⟨οὔ⟩. [δοξαστὰ τὰ κοινωνοῦντα τῶν νοη[μα]τ[ικ]ῶν.] 
21.2	⟨... τῶν αἰσθητῶν⟩ θεῶν· οὗτοι δὲ εἰκόνες εἰσὶ ⟨τῶν⟩ νοη[μα]τῶν ⟨θεῶν⟩. οἷον ἥλιος εἰκών ἐστι τοῦ ἐπουρανίου δημιουργοῦ [θεοῦ]· καθάπερ γὰρ ἐκεῖνος τὸ ὅλον ἑδημιούργησε⟨ν, οὕτω⟩ καὶ ὁ ἥλιος δημιουργεῖ τὰ ζῷα καὶ [γεννᾷ] ⟨τὰ⟩ φυτά [καὶ τῶν πνευμάτων πρυτανεύει].
22.1	παρὰ τί τὰ βρέφη ὅμοια τοῖς γονεῦσι γίνεται ⎡ἢ συγγενείαις ἀποδίδοται⎤ ἐκθήσω λόγον. ὅταν νοστίμου αἵματος ἐξαφ[εδ]ρούμενοΝ ⎡ἡ γένεσις⎤ ἀποθησαυρίζῃ γόνον, συμβαίνει πως ἐκπν[ε]εῖν ἐκ τοῦ σώματος ὅλου [μελῶν] οὐσίαν τινὰ ⟨...⟩ κατὰ θείαν ἐνέργειαν, ὡς [τοῦ αὐτοῦ] ἀνθρώπου γινομένου. τὸ δ᾽ αὐτὸ καὶ ἐπὶ τῆς γυναικὸς εἰκὸϲ γίγνεσθαι. ὅταν ⟨οὖν⟩ καθυπερτερΉσῃ τὸ ῥυὲν ἀπὸ τοῦ ἀνδρὸς καὶ ἄτΗκτον γένηται, τῷ πατρὶ ὅμοι[ουμεν]ον τὸ βρέφος ἀποθειχθήσεται, ὡς τὸ ἀνάπαλιν τὸν αὐτὸν τρόπον τῇ μητρί. ἐὰν ⟨δὲ ἐπί⟩ τινος μέρους ⟨ἡ⟩ καθυπερτέ⟨ρη⟩σις γένηται, πρὸς ἐκεῖνο τὸ μέρος ἀφομοιοῦται. ⟨...⟩ ἔσθ᾽ ὅτε δὲ καὶ εἰς μακρὰς γενεάς. ⟨...⟩ παραβάλλειν τὸ βρέφος τῇ μορφῇ τοῦ γεννήσαντος. ⟨...⟩ ⎡ἐκείνου⎤ ⟨τοῦ⟩ δεκανοῦ ⟨τοῦ⟩ λόγον ἔχοντος πρὸς τὴν ὥραν ἐν ᾗ ἡ γυνὴ ἐπαιδοποίει.
23.32x	⟨⟨Πρόσεχε, τέκνον Ὧρε· κρυπτῆς γὰρ ἐπακούεις θεωρίας, ἧς ὁ μὲν προπάτωρ Καμῆφις ⟨ἦν ἀρχηγέτης, Ἑρμῆς δὲ⟩ ⟨⟨παρὰ τοῦ πάντων προγενεστέρου Καμήφεως⟩⟩ ἔτυχεν ἐπακούσας, ⟨ἐγὼ δὲ⟩ παρὰ Ἑρμοῦ τοῦ [πάντων ἔργων] ὑπομνηματογράφου [[παρὰ τοῦ πάντων προγενεστέρου Καμήφεας], ὁπότ᾽ ἐμὲ καὶ ⎡τῷ τελείῳ μέλανι ἐτίμησε⎤, νῦν δὲ αὐτὸς σὺ παρ᾽ ἐμοῦ.—⟩⟩ 
23.1	ταῦτα εἰποῦσα Ἶ σις ἐγχεῖ π⟨ρ⟩ῶτον Ὥρῳ γλυκύ[ν] τι π[ρ]οτὸν ἀμβροσίας, ὃ αἱ ψυχαὶ λαμβάνειν ἔθος ἔχουσιν ⎡θεῶν⎤, καὶ οὕτως τοῦ ἱερωτάτου λόγου ἄρχεται [Ἶσις]. 
23.2	Ἐπκειμένου, τέκνον Ὧρε, τῇ τῶν ὑπο⟨κάτω⟩ [κειμένων] φύσει πάσῃ τοῦ πολυστέφους οὐρανοῦ, ⎡καὶ κατ᾽ οὐδένα τόπον στερουμένου τινὸς ὧν νῦν ὁ σύμπας ἔχει κόσμος⎤, ἀνάγκη πᾶσα ὑπὸ τῶν ὑπερκειμένων συγκεκοσμῆσθαι καὶ πεπληρῶσθαι φύσιν πᾶσαν τὴν ὑποκειμένην· οὐ γὰρ δήπου δυνατὰ ⟨⟨τὰ κάτω⟩⟩ κοσμῆσαι [[τὰ κάτω]] τὸν ὕπερθεν [δια]κόσμον. ἀνάγκη τοίνυν τοῖς κρείττοσι μυστηρίοις εἴκειν τὰ ἐλάσσονα· κρείσσων δὲ τῶν ὑποκειμένων ἡ τῶν μετεώρων ἐστὶ [δια]τάξις, καὶ τῷ παντὶ ἀσφαλής [τε], καὶ θνητῶν οὐχ ὑποπίπτουσα διανοίᾳ. 
23.3	ἔνθεν ἐστέναΖοΝ ⎡τὰ κάτω⎤ φόβον ἔχοντεϲ, ⟨...⟩ τὴν περικαλλῆ ⟨...⟩ καὶ εἰς ἀεὶ διαμονὴν τῶν ἐπικειμένων. ⎡ἦν γὰρ ἄξιον θεωρίας ὁμοῦ καὶ ἀγωνίας⎤ ὁρᾶν οὐρανοῦ κάλλος [[θεῷ]] ⟨ἡλίῳ⟩ καταφωτιζομένοΥ [[τῷ ἔτι ἀγνώστῳ]], ⟨παρα⟩πλΗσίαν τε νυκτὸς σεμνότητα, ἐλάττονι μὲν ἡλίου ὀξεῖ δὲ πΥρφορουμένηϲ φωτί, τῶν [τε] ἄλλων κατὰ μέρος κινουμένων ἐν οὐρανῷ μυστηρίων τακταῖς [[χρόνων]] κινήσεσι καὶ ⟨⟨χρόνων⟩⟩ περιόδοις, διά ⟨τέ⟩ τινων κρυπτῶν ἀπορροιῶν τὰ κάτω συγκοσμούντων καὶ συναυξόντων. καὶ οὕτως ⟨ἐγένοντο⟩ φόβοι μὲν ἐπάλληλοι, ζητήσεις Δὲ ἄλΗκτοι. 
23.4	καὶ ἔως ⟨μὲν⟩ ὁ τῶν συμπάντων οὐκ ἐβούλετο τεχνίτης ⟨γνωσθῆναι⟩, ἀγνωσία κατεῖχε τὰ ξύμπαντα· ὅτε δὲ ἔκρινεν αὑτὸν ὅστις ἐστὶ δηλῶσαι, ἔρωτα[ς] ἐνεφ[ο]ύσΗσε θε⟨ί⟩οις ⟨τισὶν ἀνθρώποις⟩, καὶ αὐΓὴν ἧ⟨ς⟩ εἶχον ἐν στέρνοις πλείονα ταῖς τούτων ἐχαρίσατο διανοίαις, ἵνα ⟨⟨θεὸΝ⟩⟩ ⟨⟨τόΝ ἔτι ἄγνωστοΝ⟩⟩ πρῶτον μὲν ζητεῖν θελήσωσιν, εἶτα ⟨δὲ καὶ⟩ [ἐπιθυμήσωσιν] εὑρεῖν [εἶτα καὶ κατορθῶσαι] δυνηθῶσι. 
23.5	τοῦτο δ᾽ [ἄν], ὦ τέκνον ἀξιοθαύμαστον Ὧρε, οὐκ ἂν ⟨ἦν⟩ ἐπὶ θνητ῀ιΗ σπορᾷ, ⟨εἰ μὴ⟩ ἐγεγόνει [οὐδὲ γὰρ ἦν οὐδέπω] ψυχὴ[ς δὲ τὴν] συμπάθειαν ἔχουσα[ς] τοῖς οὐρανοῦ μυστηρίοις. τ⟨οι⟩οῦτο⟨ς⟩ δὲ ἦν ὁ πάντα ⟨γ⟩νοὺς Ἑρμῆς· ὃς καὶ εἶδε τὰ σύμπαντα, καὶ ἰδὼν κατενόησε, καὶ κατανοήσας ἴσχυσε δηλῶσαι [τε καὶ δεῖξαι]. ⟨...·⟩ καὶ γὰρ ἃ ἐνόησεν ἐχάραξε, καὶ χαράξας ἔκρυψε⟨ν⟩ ⟨⟨ἀσφαλῶς⟩⟩, τὰ πλεῖστα σιγήσας [[ἀσφαλῶς]] [ἢ λαλήσας], ἵνα ζητῇ ταῦτα πᾶς αἰὼν ὁ μεταγενέστερος κόσμου. 
23.6	καὶ οὗτος ⟨μέν⟩, τοὺς συγγενεῖς θεοὺς δορυφορεῖν ⟨προσταχθείς⟩, ἀνέβαινεν εἰς ἄστρα· ἀλλ᾽ ἦν αὐτῷ διάδοχος ὁ Τάτ, υἱὸς ὁμοῦ ⟨⟨τούτοΥ⟩⟩ καὶ παραλήπτωρ τῶν μαθημάτων [[τούτων]], οὐκ εἰς μακρὰν δὲ καὶ Ἀσκληπιὸς ὁ ⟨καὶ⟩ Ἰμούθης, ὁ Π⟨τ⟩ανὸς ⟨τοῦ⟩ καὶ Ἡφαίστου [βουλαῖς], ἄλλοι τε ὅσοι ⟨τὰ⟩ τῆς οὐρανίου θεωρίας π⟨λε⟩ίστῌ ἀκριβείᾳ ἔμελλον βουλομένης τῆς πάντων βασιλίδος ἱστορῆσαι προνοίας. 
23.7	Ἑρμῆς μὲν οὖν ⎡ἀπελογεῖτο τῷ περιέχοντι ὡς⎤ οὐδὲ τῷ παιδὶ παρέδωκεν ὁλοτελῆ ⟨τὴν⟩ θεωρίαν, διὰ τὸ ἔτι τῆς ἡλικίας Νεοειδές. ⟨εἶπε δὲ οὕτως·⟩ Ἐγὼ δΗ [τῆς ἀνατολῆς γενόμενος] τοῖς πάντα βλέπουσιν ὀφθαλμοῖς ⟨τοῦ νοῦ⟩ τὰ τῆς ⎡ἀνατολῆς⎤ ⟨ἐ⟩θεώρησα[ι τι] ἀειδ῀Η· καὶ ἐπισκοποῦντί ⟨μοι⟩ βραδέως μέν, ἀλλ᾽ οὖν ἦλθεν ἡ ἀκριβὴς [δια]γνῶσις. ⟨... χρή με⟩ πλησίον τῶν Ὀσίριδος κρυφίων ἀποθέσθαι τὰ ἱερὰ τῶν κοσμικῶν στοιχείων σύμβολα, ἐπικατευξάμενον δὲ [καὶ τοὺς λόγους τούσδε εἰπόντα[ς]] εἰς οὐρανὸν ἀπελθε⟨ῖ⟩ν.
23.8	ἀλλ᾽ οὐ καθῆκον ἀτελῆ τὴν ἀπαγγελίαν, ὦ τέκνον, ταύτην με[ν] καταλεῖψαι, εἰπεῖν δ᾽ ὅσα τὰς βίβλους κατατιθέμενος ἐξεῖπε[ι]ν Ἑρμῆς. [ἐξ]εἶπε γὰρ οὕτως· Ὦ ἱεραὶ βίβλοι, τῶν [α]φθαρτῶν ⎡αἳ τετεύχαταί⎤ μου χειρῶν, ἃς τῷ τῆς ἀφθαρσίας φαρμάκῳ ⎡χορείας ἐπικματῷ⎤, ἀσαπεῖς πάντας αἰῶνας [καὶ ἄφθαρτοι] διαμείνατε [χρόνους], ἀθεώρητοι καὶ ἀνεύρετοι γιγνόμεναι παντὶ τῷ τὰ Γῆς ταύτης περ⟨ι⟩οδεύειν μέλλοντι πεδία, ἄχρις οὖ γέρων οὐρανὸς συστήματα ὑμῶν ἄξια τεκνώσηται [ἃς ψυχὰς ὁ δημιουργὸς προσηγόρευσε]. τοσαῦτα [εἰπὼν τὰς βίβλους καὶ] τοῖς ἑαυτοῦ κατευξάμενος ἔργοις, ⟨ταῖς ἀ⟩ιδίοις ⟨ἐν⟩τεμενίζεται ζώναις. 
23.50x	⟨...⟩ ⟨⟨[πάλιν] ὁ μόναρχος σύγκλητον τῶν θεῶν ἐποίησε συνέδριον. καὶ οἱ θεοὶ παρῆσαν· καὶ [πάλιν] αὐτὸς [ταῦτα] οὕτως ἐφώνησε, Θεοί λέγων, ὅσοι ⎡τῆς κορυφαίας⎤, ὅσοι καὶ ἀφθάρτου φύσεως τετεύχατε, οἳ τὸν μέγαν αἰῶνα διέπειν ἐς ἀεὶ κεκλήρωσθε, οἳ [ς αὐτὰ] ἑαυτοῖς ἀντιπαραδιδόντε⟨ς⟩ οὐδέποτε κοπιάσετ⟨ε⟩ τὰ σύμπαντα, μέχρι πότε [[τῆς]] ἀνεπίγναωστοι ταύτης δεσπόσομεν ⟨⟨τῆς⟩⟩ ἡγεμονίας; μέχρι πότε [ἀθεώρητα γενήσεται ταῦτα ἡλίῳ καὶ σελήνῃ] [[ἕκαστος ἡμῶν ἐφ᾽ ἑαυτῷ γεννάτω]] ⟨⟨ἀργὴν⟩⟩ ⟨κ⟩αταλείψομεν [τῷ δύνασθαι] τὴν [ἔτι] [[ἀργὴν]] σύστασιν ταύτην; ἄπιστος τοῖς μεταγενεστέροις μῦθος δῊ δοξάτω ⟨τὸ⟩ χάος εἶναι. ἔργων ἅπτεσθε μεγάλων. ⟨⟨ἕκαστος Ὑμῶν ἐφ’ ἑαυτῷ ⟨τι⟩ γεννάτω·⟩⟩ ἐγὼ δ᾽ αὐτὸς ἄρξομαι πρῶτος. εἶπε, καὶ εὐθέως [κοσμικῶς] τῆς ἔτι ⎡μελαίνης⎤ ἑνώσεως διάστασις ἐγένετο· καὶ⟩⟩ ⟨....⟩ 
23.11x	⟨⟨καὶ ⟨μετὰ⟩ ταῦτα ἔτι εἰς τὸ περιέχον ἀτενίσας ⟨ἔ⟩φνησεν· Ἔστω πεπληρώμενος ὁ οὐρανὸς ἄ⟨σ⟩τρασιν ⟨...⟩ [ἀήρ τε καὶ αἰθήρ]. εἶπεν ὁ θεός, καὶ ἦν.⟩⟩ ⟨...⟩ 
23.9	ἱκανὸΝ δὲ τὸΝ μέσοΝ ἤργει χρόνοΝ [ἐκέκρυπτο] [[καὶ]] ἡ ⟨τῶν ὑποκειμένων⟩ φύσις, ὦ τέκνον, ⟨⟨καὶ⟩⟩ ἐτύγχανε στεῖρα, ἕως αὐτοὶ οἱ ἤδη περιπολεῖν τὸν οὐρανὸν κελευσθέντες ⟨⟨θεοί⟩⟩, τῷ πάντων [[θεῷ]] βασιλεῖ προσελθόντες, τὴν τῶν ⟨κάτω⟩ ὄντων ἡσυχίαν ἀπήγγειλαν, καὶ ὅτι δέον ἐστὶ συγκοσμηθῆναι ⟨καὶ ταῦ⟩τα [σύμπαντα] [[καὶ τοῦτο οὐχ ἑτέρου τινός ἐστιν ἔργον ἢ αὐτοῦ]]· καὶ Δεόμεθά σου ἔλεγον τὰ νῦν ὄντα καὶ [ὧν] ὕστερον ⟨ἐσόμενα τίνος⟩ ἔχει χρείαν διασκέψασ⟨θαι⟩. ⟨⟨καὶ ⟨γὰρ⟩ τοῦτο οὐχ ἑτέρου τινός ἐστιν ἔργον ἢ αὐτοῦ⟩⟩ ⟨σοῦ⟩.
23.10	ταῦτα εἰπόντων ἐμειδίασεν ὁ θεός, καὶ εἶπε Φύσιν εἶναι. καὶ θῆλυ πάγκαλον χρῆμα ἐκ τῆς φωνῆς αὐτοῦ προῆλθεν, ὃ καὶ θεωρήσαντες οἱ θεοὶ κατεπλάγησαν· καὶ ταύτην Φύσεως ⟨ὀ⟩Νόματι ἐτίμησεν ὁ θεὸς ὁ προπάτωρ. ⟨⟨καὶ τῇ [Εὑρέσει] ⟨Φύσει⟩ τὸ[υ] τῶν [τὸ] κάτω πάΝτων ἐχαρίσατο ἡγεμονικόν,⟩⟩ καὶ ταύτηΝ προσέταξεν εἶναι ⟨... σπερμάτων⟩ γεννητικήν. 
23.11	[[καὶ ταῦτα ἔτι εἰς τὸ περιέχον ἀτενίσας φώνησεν· Ἔστω πεπληρωμένος ὁ οὐρανὸς ἅπασιν ἀήρ τε καὶ αἰθήρ. εἶπεν ὁ θεὸς καὶ ἦν.]] 
23.12	ἡ δὲ Φύσις ἑαυτῇ λαλήσασα ἔγνω ὡς μὴ δέον αὐτήν ἐστι παρακοῦσαι τῆς τοῦ πατρὸς ἐντολῆς· καὶ ⟨...⟩. 
23.13	[καλὴν Πόνῳ συνελθοῦσα[ν] θυγατέρα ἐποίησεν, ἣν Εὕρεσιν ἐκάλεσε.] [τῇ δὲ ὁ θεὸς ἐχαρίσατο ⎡εἶναι⎤, καὶ χαρισάμενος.] [διέκρινε τὰ ἤδη γεγονότα, καὶ ἐπλήρωσεν αὐτὰ μυστηρίων.] [[καὶ τῇ Εὑρέσει τούτων τὸ κατὰ τούτων ἐχαρίσατο ἡγεμονικόν.]]
23.52x	⟨⟨πληρώσας δὲ τὰς [ι] σε⟨βα⟩στὰς [ιας] χεῖρας τῷ ⎡περιέχοντι⎤ τῶν ἐκ τῆς Φύσεως ὑπαρχόντων ⟨σπερμάτων⟩, καὶ τὰς δράκας καρτερῶς σφίγξας, Λάβε εἶπεν, ὦ ἱερὰ γῆ, λάβε, πάντιμε, [καὶ] ⟨ἡ⟩ εἶναι γεννήτειρα μέλλουσα πάντων, καὶ μηδενὸ⟨ς⟩ ἐντεῦθεν λείπεσθαι δόκει. εἶπεν ὁ θεός, καὶ τὰς χεῖρας [οἵας δῊ θεὸν ⟨εἰκὸς⟩ ἔχειν] ἁπλώσας πάντα ἀφῆκεν [ἐν τῇ τῶν ὄντων συστάσει].⟩⟩ ⟨...⟩ 
23.51x	⟨οὕτω δὴ⟩ ⟨⟨ἐφάνη μὲν οὐρανὸς ἄνω συγκεκοσμημένος τοῖς ἑαυτοῦ μυστηρίοις πᾶσι, [κραδαινομένη ἔτι γῆ ἡλίου λάμψαντος ἐπάγη καὶ] ἐφάνη ⟨δὲ καὶ γῆ⟩ πᾶσι τοῖς περὶ αὐτὴν συγκεκοσμημένΗ[ς] καλοῖς. καλὰ γὰρ τῷ θεῷ καὶ τὰ θνητοῖς εἶναι νομιζόμενα φαῦλα, ὅτι δὴ τοῖς τοῦ θεοῦ νόμοις δουλεύειν ἐποιήθη. ἔχαιρε δὲ ὁ θεὸς ὁρῶν ἤδη ἑαυτοῦ τὰ ἔργα κινούμενα.⟩⟩ 
23.14	⟨...⟩ αὐτὸς δ᾽ οὐκέτι βουλόμενος ἀργὸν τὸν ὑπο⟨υ⟩ράνιο⟨ν⟩ κόσμον εἶναι, ἀλλὰ ⎡πνευμάτων⎤ πληρῶσαι δοκιμάσας ⟨καὶ⟩ τοῦτον, ὡς μὴ τὰ κατὰ μέϲοΝ ἀκίνητα [καὶ ἀργὰ] μένῃ, οὕτως εἰς ταῦτα ἤρξατο τεχνιτεία[ι]ς, οὐσ⟨ί⟩αις πρὸς τὴν τοῦ [ἰδίου] ἔργου ⟨ἀπο⟩τέλεσιν χρησάμενος ⟨ἐπιτη⟩Δείαις. πνεῦμα γὰρ ὅσον ἀρκετὸν ἀπὸ τοῦ ἰδίου λαβών, καὶ νοερῷ τοῦτο πυρὶ μίξας, ἀγνώστοις τισὶν ἑτέραις ὕλαις ἐκέρασε· καὶ ταῦτα [ἑκάτερον ἑκατέρῳ] μετά τινων ἐπιφωνήσεων κρυπτῶν ἑνώσας, τὸ πᾶν οὕτως εὖ μάλα διεκί⟨ρ⟩νησε⟨ν⟩ [κρᾶμα], ἕως ἐπεγέλασέ τις ὕλη τῷ μίγματι λεπτοτέρα τε καὶ καθαρωτέρα μᾶλλον [καὶ διαφανεστέρα] ἢ ἐξ ὦν ἐγίνετο· διειδὴς δὲ ἦν αὕτη, ἣν δὴ καὶ μόνος ὁ τεχνίτης ἑώρα. 
23.15	ἐπειδὴ δὲ ⟨⟨τελεσιουργηθεῖσα⟩⟩ οὔτε [ὡς ἐκ πυρὸς] καιομένη διετήκετο, οὔτε μὴν [ὡς ἐκ πνεύματος] [[τελεσιουργηθεῖσα]] [ε] ψύχει ⟨ἐπήγνυτο⟩, ἀλλά τινα ἰδιογενῆ [καὶ οἰκείαν] εἶχε [τὴν τοῦ κρᾶματος] σύστασιν [ἰδιότυπόν τε καὶ ἰδιοσύγκριτον], ⟨ταύτ⟩ην δὴ [καὶ ἀπὸ τοῦ εὐφημοτέρου ὀνόματος καὶ τῆς καθ᾽ ὁμοιότητα ἐνεργείας] ψύχωσιν ὁ θεὸς ἐκάλεσε⟨ν⟩ [τὴν σύστασιν]. ἐξ οὗ δὴ ἐπιπάγου μυριάδας ψυχῶν ἱκανὰς ἐγενεσιούργησε, τὸ [παρ᾽ αὐτοῦ] τοῦ κράματος ἐπάνθουν πρὸς ὃ θέλει πλάσσων εὐτάκτως τε καὶ συμμέτρως μετ⟨ὰ⟩ [ἐμπειρίας καὶ] λόγου τοῦ καθήκοντος, ὡς μηδέ τι ⟨...⟩. 
23.16	⟨..⟩ διαφέρειν [ε]αὐτὰς ἑαυτῶν ἦν ἀναγκαῖον, ἐπειδήπερ τὸ ἐκ τῆς κι⟨ρ⟩νήσεως [τοῦ θεοῦ] ἐξατμιζόμενον ἄνθος οὐκ ἦν ἑαυτῷ ὅμοιον, ἀλλὰ [μεῖζον καὶ] ⟨ὁλο⟩κληρότερον ἦν τοῦ δευτέρου τὸ πρῶτον καὶ τῷ παντὶ καθαρώτερον, τὸ δεύτερον δὲ ἱκανῶς μὲν ⟨ἦσσον⟩ ἦν τοῦ πρώτου [τὸ δεύτερον], πολλῷ δὲ ⟨κρεῖσσον⟩ τοῦ τρίτου [τὸ μεῖζον], καὶ οὕτως ἄχρι βαθμῶν ἑξήκοντα ὁ πᾶς ἀπήρτιστο ἀριθμός· πλὴν ὅτι γε πάσας ⟨ὁμοίως⟩ ἀιδίους εἶναι νομοθετήσας ἔταξεν, ὡς ἂν ἐκ μιᾶς ⟨γενομένας⟩ οὐσίας, ἧς μόνος αὐτὸς ᾔδη ⎡τελειῶ⎤. ⟨ταύ⟩ταις δὲ καὶ τμήματα [καὶ τ⟨α⟩μ⟨ι⟩εῖα] ἐν μεταρσίῳ διέταξε [τῆς ἄνω φύσεως] [οὐρανοῦ], ὅπως τόν τε κύλινδρον περιστροβῶσι τάξει τινὶ καὶ οἰκονομίᾳ καθηκούσῃ, καὶ τὸν πατέρα τέρπωσιν. 
23.17	οὕτως δὴ [καὶ] ἐν τῇ περικαλλεῖ τοῦ αἰθέρος στὰς ⎡ει⎤, καὶ τὰς τῶν ἤδη ο᾽Υϲῶν ⟨ψυχῶν⟩ μεταπεμψάμενος φυλάς, Ὦ[ς] ⟨⟨ψυχαί⟩⟩ , φησ⟨ί⟩, [πνεύματος ἐμοῦ καὶ] μερίμνης ἐμῆς [[ψυχαὶ]] καλὰ τέκνα, ἃ ταῖς ἐμαυτοῦ μαιωσάμενος χερσὶν ἤδη ⟨ἐν⟩ τῷ μ⟨έσ⟩ῳ καθιΔρ⟨ύ⟩ω κόσμῳ, [λόγων ἐμῶν ὡς] νόμων τούτων ἐπακούσατε, καὶ τόπου μηδενὸς ἄλλου θίγητε πλὴν τοῦ διαταγέντος ὑμῖν ὑπὸ τῆς ἐμῆς γνώμης. εὐσταθησάσαις μὲν οὖν ὑμῖν οὐρανὸς [τε καὶ μένει πάλιν] ὁ μιcθός, καὶ [ὁ διαταγεὶς] ⟨κατ⟩αστερισμός, θρόνοι τε ἀρετῆς πεπληρωμένοι· εἰ δέ τι νεώτερον παρὰ τἀμὰ πράξητε βουλεύματα, ἱερὸν [ὑμῖν] ὀμνύω [πνεῦμα καὶ] κρᾶμα τοῦτ᾽ ἀφ᾽ οὗπερ ὑμᾶς ἐγέννησα, ψυχοποιούς τε ταύτας μου τὰς χεῖρας, ὡς οὐκ εἰς μακρὰν δεσμοὺς καὶ κολάσεις ὑμῖν τεχνιτεύσω.
23.18	τοσαῦτα εἰπὼν ὁ θεὸς [ὁ κἀμοῦ κύριος] τὰ λοιπὰ τῶν στοιχείων [συγγενῆ] μίξας, ὕδωρ καὶ γῆν, ⟨⟨καὶ ζωοποιὸν ἐΜΦυσΉσας⟩⟩ ⟨τινὰ οὐσίαν⟩, καί τινας [ὁμοίως] κρυπτοὺς ἐπειπὼν λόγους, δυνατοὺς μέν, οὐ τοῖς πρώτοις δ᾽ ὁμοίους, εὖ τε κιρνΉσας [[καὶ ζωοποιὸν ἐνθουσιάσας]], ⟨τὸν⟩ τῷ κράματι ἐπιπλέοντα [ὁμοίως] ἐπίπαγον [εὐβαφῆ τε καὶ] εὐ[π]αγῆ γενόμενον ἔλαβε, καὶ ἐκ τούτου τὰ [ἀνθρωποειδῆ] ⟨πνεύματα⟩ τῶν ζῴων διέπλασε· 
23.19	τὸ δὲ τοῦ μίγματος λείψανον ταῖς ἤδη προκοψάσαις ψυχαῖς ἔδωκε, [ψυχαῖς δὲ ταύταις] ταῖς εἰς [χωρία θεῶν καὶ] τοὺς ἐγγὺς ἄστρων τόπους ⟨ἀναβάσαις⟩, καὶ ἱεροῖς δαίμοϲι μετακεκλημένα⟨ι⟩ς, [πλάσσετε] λέγων Ὦ τέκνα, τῆς ἐμῆς ⎡φύσεως⎤ γεννήματα, δέχεσθε τῆς ἐμῆς τεχνι⟨τεία⟩ς τὰ λείψανα, καὶ ἑκάστη τῇ ἑαυτῆς φύσει ⟨πεποιθυῖα⟩ πλασσέτω τι [παραπλήσιον]· παραθήσομαι δ᾽ ἐΓὼ [καὶ] ταῦθ᾽ ὑμῖν παραδείγματα. καὶ λαβὼν εὖ καὶ καλῶς ⟨...⟩ 
23.20	[[τὸν ζῳδιακὸν συμφώνως ταῖς ψυχικαῖς κινήσεσι διέταξε κόσμον, πρὸς τοῖς ἀνθρωποειδέσι τῶν ζῳδιακῶν τὰ ἑξῆς ἀπαρτίσας οἷον ζῳδίοις, καὶ τὰς πανούργους ἐχαρισάμην δυνάμεις καὶ πάντεχνον πνεῦμα γεννητικὸν τῶν εἰς ἀεὶ μελλόντων ἔσεσθαι καθολικῶς πάντων.]] 
23.21	⟨...⟩ καὶ ἀπέστη, ὑποσχόμενος τοῖς ὁρατοῖς ἔργοις αὐτῶν τὰ ⟨ἀ⟩όρατα πνεύμα⟨τα⟩ ἐπιζεῦξαι, ⟨ἐξ⟩ουσίαν τε ὁμοιογονίας ⟨δοῦναι⟩ ἑκάστῳ, ὅπως [αὑτῷ [αὐτοῖς] ἕτερα γεννᾷ ὅμοια,] αὐτα⟨ι⟩ [τε] ΜΗΚέτι ἀνάγκην ἔχωσιν ἄλλο τι ποιεῖν ⟨παρ᾽⟩ ἃ ἔφθησαν ἐργάσασθαι. 
23.22	—Τί οὖν, ὦ τεκοῦσα, ἐποίησαν αἱ ψυχαί;—καὶ εἶπεν Ἶσις· Τὸ κεκερασμένον, ὦ τέκνον Ὧρε, [τῆς ὕλης] λαβο῀Υϲαι κατενόουν πρῶτον [καὶ τὸ τοῦ πατρὸς προσεκύνουν κρᾶμα], καὶ ὁπόθεν ἦ⟨ν⟩ συμπεπλεγμένον ἐπεζήτουν· τὸ δὲ ἦν αὐταῖς οὐκ εὔπορον ἐπιγνῶναι. ἔνθεν δὴ καὶ ὅτι ἐπεήτησαν ἐφοβοῦντο μὴ τῷ τοῦ πατρὸς ὑποπέσωσι χόλῳ· καὶ ἐπὶ τὸ πράττειν τὰ προσταχθέντα ἐτράπησαν. 
23.23	ἔνθεν ἐκ μὲν τῆς ἀνωτέρω ὕλης, τ῀Ηϲ ὑπερβολῇ κοῦφον ἐχούσΗϲ τὸν ⎡ἐπίπαγον⎤, τὸ τῶν ὀρνέων γένος ἐ[υ]μόρφουν, [[ἐν τούτῳ δ᾽ ἡμιπαγοῦς ἤδη τοῦ κράματος γενομένου καὶ ἤδη τὴν στερεὰν πῆξιν λαβόντος τὸ τῶν τετραπόδων γένος ἔπλασσον,]] ⟨ἐκ δὲ⟩ το⟨ῦ⟩ [δὴ] ἧττον κούφοΥ [καὶ ἑτερᾶς ὑγρᾶς[ιας] ⟨ο⟩ὐσίας δεόμενον εἰς διάνηξιν] τὸ τῶν ἰχθύων. ⟨⟨ἐν τούτῳ δ᾽ ἡμιπαγοῦς [ἤδη] τοῦ κράματος γενομένου, καὶ ἤδη [[τὴν στερεὰν πῆξιν λαβόντος]] ⟨⟨κατωφεροῦς ὑπάρχοντος⟩⟩, τὸ τῶν τετραπόδαων γένος ἔπλασσον·⟩⟩ ψυχροῦ δὲ ⟨γενομένου⟩ τοῦ λοιποῦ, καὶ ἤδη ⟨⟨[[τὴν]] στερεὰν ⟨⟨τὴν⟩⟩ πῆξιν λαβόντος⟩⟩ [[κατωφεροῦς ὑπάρχοντος]], τὴν τῶν ἑρπετῶν αἱ ψυχαὶ φύσιν ἐκαινούργουν. 
23.20x	⟨ὁ δὲ θεὸς...⟩ ⟨⟨τὸν ζῳδιακὸν συμφώνως ταῖς φυϲικαῖς κινήσεσι διέταξε [κόσμον], [πρὸς τοῖς ἀνθρωποείδεσι τῶν ζῳδί[ακ]ων τὰ ἑξῆς ἀπαρτίσας] [οἷον ζῳδίοις,] καὶ ⟨τούτῳ⟩ [τὰς] παν⟨τ⟩ουργοὺς [ε]χαρισάμεν⟨ος⟩ δυνάμεις [καὶ πάντεχνον πνεῦμα], γεννητικὸν ⟨ἐκέλευσεν εἶναι⟩ τῶν εἰς ἀεὶ μελλόντων ἔσεσθαι [καθολικῶς] πάντων ⟨ζῴῶν⟩.⟩⟩ 
23.24	[αυτ]αἱ Δὲ ⟨ψυχαί⟩, ὦ τέκνον, ὡς ⟨μέγα⟩ τι πράξασαι, ἤδη καὶ περίεργον ὡπλίζοντο τόλμαν, καὶ παρὰ τὰ διατεταγμένα ἐποίουν· ⟨⟨τοῖς ⟨γὰρ⟩ ἐν οὐρανῷ θεοῖς ἐφιλονείκουν, ⟨ἴ⟩ϲης [ε]αὐτοῖς εὐγενείας [περικρατοῦσαι καὶ] ἀντιλαμβανόμενοι, ὡς καὶ αὐταὶ τοῦ αὐτοῦ [ε]τυχο῀Υ⟨σαι⟩ δημιουργοῦ.⟩⟩ καὶ ἤδη τῶν ἰδίων τμημάτων [καὶ ταμιείων] προήρχοντο· καὶ ⟨γὰρ⟩ ἐφ᾽ ἑνὸς οὐκέτι ἤθελον τόπου μένειν, ἀεὶ δὲ ἐκνοῦντο, καὶ τὸ [ἔτι] ἐπὶ μιᾶς μονῆς εἶναι θάνατον ἡγοῦντο. 
23.25	τοῦτο μὲν οὖν [φησίν], ὦ τέκνον, ⟨⟨ὡς⟩⟩ Ἑρμῆς [[ὡς]] [κ] ἑμοἰ λέγων ⟨ἔφη⟩, [καὶ] τὸν τῶν ὅλων κύριον [καὶ θεὸν] οὐκ ἐλάνθανον [ὃ] πράσσουσαι· κόλασιν δὲ αὐταῖς ἐπέζητει [καὶ δεσμὸν ὃν τλημόνως ὑπομενοῦσι]. καὶ δὴ καὶ ἔδοξε τῷ πάντων ἡγεμόνι καὶ δεσπότῃ τὸ τῶν ἀνθρώπων σύστημα [τι] τεχνήσασθαι, ὅπως ἐν τούτῳ τὸ τῶν ψυχῶν διαπαντὸς γένος κολάζηται. 
23.26	Τότε δὴ μεταπεμψάμενος ἐμέ, φησὶν Ἑρμῆς, εἶπεν Ὦ ψυχῆς ἐμῆ⟨ς⟩ ψυχὴ καὶ νοὸς ἱερο῀Υ ἐμοῦ νοῦ⟨ς,...⟩. 
23.27	⟨... εἶπεν ὁ θεός·⟩ Ἄχρι ποῦ στυγνὴ φύσις ἡ τῶν ὑποκειμένων ὁρᾶται; ἄχρι πότε τὰ ἤδη γεγονότα [ἀργὰ] μένει [καὶ] ἀνεγκωμίαστα; ἀλλ᾽ ἄγε δή μοι τοὺς ἐν οὐρανῷ θεοὺς ⟨κάλεσον⟩ πάντας ἤδη [εἶπεν ὁ θεός, ὦ τέκνον, ὥς φησιν Ἑρμῆς]. οἱ δὲ ⟨ὡς⟩ ἦλθον πρὸς ⟨τὸ⟩ ἐπίταγμα, Ἀπίδετε εἶπεν εἰς τὴν γῆν καὶ πάντα τὰ χαμαί· ⟨....⟩ οἱ δὲ ἐν τάχει [καὶ εἶδον καὶ] ἐνόησαν ἃ ἐβούλετο ⟨ὁ⟩ δυνάστης, καὶ εἰπόντι ὑπὲρ τῆς τῶν ἀνθρώπων γενέσεως συνέθεντο. 
23.28	⟨ἐπερωτῶντος δὲ⟩ [εἴ τι παρ᾽] ἕνα ἕκαστοΝ τί δυνατός ἐστι παρασχεῖν τοῖς μέλλουσι γίγνεσθαι, ἔλεγεν Ἥλιος ⎡Ἐπὶ πλέον⎤ λάμψω. ὑπισχνεῖτο Σελήνη [τὸν] μετὰ τὸν ἩλίοΥ δρόμον φωτίσαι· ἔλεγε δὲ καὶ προπεπαιδοποιηκέναι [φόβον καὶ] σιγὴν καὶ ὕπνον [καὶ τὴν μέλλουσαν αὐτοῖς ἔσεσθαι ⟨π⟩ανωφελῆ μνήμην]. Κρόνος ἀπήγγειλεν ἤδη πατὴρ γεγονέναι [καὶ] δίκης καὶ ἀνάγκης. Ζεὺς ἔλεγεν Ὧς μὴ παντάπασι πολέμοις ⟨ἀπόλητ⟩αι τὸ φῦλον τὸ ἐσόμενον, ἤδη αὐτοῖς [καὶ τύχην καὶ ἐλπίδα καὶ] εἰρήνην γεγέννηκα. Ἄρης ἀγωνίας ἔλεγεν ἤδη καὶ ὀργῆς καὶ ἔριδος πατὴρ εἶναι. Ἀφροδίτη οὐκ ἐμέλλησεν, ἀλλὰ εἶπεν Ἐγὼ δὲ πόθον αὐτοῖς, ὦ δέσποτα, καὶ ἡδονὴν ἐπιζεύξω καὶ γέλωτα [ὡς μὴ χαλεπωτάτην αἱ συγγενεῖς ψυχαὶ τὴν καταδίκην ὑπομένωσιΝ] [ἐπὶ πλέον κολάζωνται]. ἐτέρπετο, ὦ τέκνον, [ἐπὶ πλέον] ⟨ὁ πατὴρ⟩ Ἀφροδίτης ταῦτα λεγούσης. 
23.29	Ἐγὼ δέ , εἶπεν Ἑρμῆς, [καὶ] ⟨συνετὴν⟩ ποιήσω τὴν ⟨τῶν⟩ ἀνθρώπων φύσιν [ἔφη], καὶ σοφίαν αὐτοῖς [καὶ σωφροσύνην καὶ πειθὼ] καὶ ἀλήθειαν ⟨π⟩αραθήσω· καὶ οὐ παύσομαι [τῇ εὑρέσει συνών] [ἀλλὰ καὶ τῶν ὑπὸ ζῳδίων τῶν ἐμῶν γινομένων ἀνθρώπων] εἰσαεὶ τὸν θνητῶν βίον ὠφελ[ησ]ῶ⟨ν⟩, [ζῴδια γὰρ [[τὰ]] ἐμοὶ ἀνέθηκεν ὁ πατὴρ καὶ δημιουργὸς ⟨⟨τὰ⟩⟩ ἔμφρονα [γε] καὶ νοερά,] καὶ τότε πλέον, ὅταν Ή ἐπικειμένη αὐτοῖς τῶν ἀστέρων κίνησις σύμφωνον ἔχῃ τὴν ἑνὸς ἑκάστου φυσικὴν ἐνέργειαν. ἔχαιρεν [ὁ θεὸς] ὁ δεσπότης [κόσμου] ταῦτα ἀκούσας, καὶ προσέταξε γίγνεσθαι φῦλον τὸ ἀνθρώπων.] 
23.30	⟨...⟩ ἐγὼ δέ, φησὶν Ἑρμῆς, ἐπεζήτουν ὕλην, τίνι δέον ἐστὶ χρήσασθαι. καὶ παρεκάλουν τὸν μόναρχον· ὁ δὲ ταῖς ψυχαῖς προσέταξε τοῦ κράματος τὸ λείψανον δοῦναι. καὶ λαβὼν εὗρον αὐτὸ παντελῶς ξηρόν. ἔνθεν πολλῷ [πλείονι τοῦ δέοντος] ἐχρησάμην ⟨εἰς⟩ κατάμιξιν ὕδατι, ⟨οὕτ⟩ως ⟨δὲ⟩ τὴν τῆς ὕλης σύστασιν νεαροποιήσας[θαι] [ὡς ἔκλυτον παντάπασιν καὶ ἀσθενὲς καὶ ἀδύνατον τὸ πλασσόμενον εἶναι] [ὡς μὴ πρὸς τῷ συνετὸν εἶναι ἔτι καὶ δυνάμεως ᾖ πεπληραωμένον] ἔπλασα· καὶ καλὸν ὑπῆρχέ ⟨⟨μου τὸ ἔργον⟩⟩, καὶ ἐτερπόμην βλέπων [[μου τὸ ἔργον]]. καὶ [κάτωθεν] ἐπεκαλεσάμην τὸν μόναρχον θεωρῆσαι· ὁ δὲ καὶ εἶδε καὶ ἐχάρη, καὶ τὰς ψυχὰς ἐκέλευσεν ἐνσωματισθῆναι. 
23.31	αἱ δὲ τότε πρῶτον [[στυγνάσασαι]] κατακρίτους ἑαυτὰς μαθοῦσαι ⟨⟨⟨ἐ⟩στύγνασαΝ⟩⟩. [ἐθαύμασα οὖν] ⟨λέξω δέ σοι⟩ καὶ τοὺς τῶν ψυχῶν λόγους. 
23.32	[[πρόσεχε, τέκνον Ὧρε, κρυπτῆς γὰρ ἐπακούεις θεωρίας, ἧς ὁ μὲν προπάτωρ Καμῆφις ἔτυχεν ἐπακούσας παρὰ Ἑρμοῦ τοῦ πάντων ἔργων ὑπομνηματογράφου, παρὰ τοῦ πάντων προγενεστέρου Καμήφεως, ὁπότε με καὶ τῷ τελείῳ μέλανι ἐτίμησε, νῦν δὲ αὐτὸς σὺ παρ᾽ ἐμοῦ.]] 
23.33	ὅτε γάρ, ὦ [θαυμαστὲ] παῖ μεγαλόδοξε, ἔμελλον ἐγκατακλείεσθαι τοῖς σώμασιν, αἱ μὲν [γὰρ] αὐτῶν αὐτὸ μόνον ὠδύροντο καὶ ἐστέναζον, ⟨⟨αἱ δὲ ⟨καὶ ἀντε⟩πάλαιον,⟩⟩ [καὶ] ὅνπερ τρόπον τῶν [γεγονότων] θηρίων τὰ ἐλευθέρ⟨ι⟩α δό[υ]λοις πονηρῶν [μελήσει] τῆς συνήθους [καὶ φίλης] ἀποσπώμενα ἐρημίας ⟨ἐπιχειρεῖ⟩ μάχεσθαι [καὶ στασιάζειν] [καὶ οὐχ ὁμονοεῖν] πρὸς τοὺς κρατήσαντας αὐτῶν [καὶ στασιάζειν] [ἀλλὰ καί, ἐὰν τύχῃ περιγενόμενα, θανάτῳ παρα⟨δί⟩δω[σου]σι τοῪς αὐτοῖς ἐπιβάλλοντας]. [[αἱ δὲ παλαιῶν]] [ἔτριζον δίκην ἀσπίδων.] 
23.34	ὀξὺ δὲ κωκύσασα ἑτέρα, [καὶ πρὸ τῶν λόγων ἱκανὰ κλαύσασα,] καὶ πολλάκις ἄνω τε καὶ κάτω [τοὺς ⟨οἵ⟩οΥς ἔτυχεν ἔχουσα] μεταφέρουσα ⟨τοὺς⟩ ὀφθαλμούς, Οὐρανέ, τῆς ἡμετέρας εἶπεν ἀρχὴ γενέσεως, ⟨⟨περιλαμπῆ τε [ὀφθαλμοὶ θεῶν] ἄστρα, καὶ [[φῶς]] ἡλίου καὶ σελήνης ⟨⟨φῶς⟩⟩ ἀκοπίαστον·⟩⟩ αἰθήρ τε καὶ ἀήρ, καὶ τοῦ μονάρχου [θεοῦ] [χεῖρές τε καὶ] ἱερὸν πνεῦμα, [[περιλαμπῆ τε ὀφθαλμοὶ θεῶν ἄστρα καὶ φῶς ἡλίου καὶ σελήνης ἀκοπίαστον,]] τὰ τῆς ἡμετέρας ⎡ἀρχῆς⎤ σύντροφα· ὡϲ [ἁπάντων] ⟨⟨μεγάλων τε καὶ λαμπρῶν⟩⟩ ἀποσπώμενα⟨ι⟩ ἄθλια πάσχομεν. ⎡πλέον οὐδ᾽ ὅτι⎤ ἀπὸ [[μεγάλων τε καὶ λαμπρῶν]] [καὶ] τοῦ ἱεροῦ περιχύματος καὶ ⟨τόπου⟩ πλησίου ⟨τοῦ⟩ πόλου καὶ [ἐπὶ] τῆς μακαρίας [μετὰ θεῶν] πολιτείας εἰς ἄτιμα καὶ ταπεινὰ οὕτως ἐγκατειρχθησόμεθα σκηνώματα. 
23.35	[[τί ταῖς δυστήναις ἡμῖν ἀπρεπὲς οὕτως πέπρακται; τί τῶν κολάσεων τούτων ἄξιον;]] οἷαι τὰς δειλαίας ἡμᾶς [ἁμαρτίας] ⟨ἀνάγκαι⟩ περιμένουσιν· οἷα [διὰ τὰ πονηρὰ τῶν ἐλπίδων] πράξομεν, ἵνα τῷ [ὑδαρεῖ καὶ] ταχὺ διαλύτῳ σώματι πορίζωμεν τὰ ἐπιτήδεια.
23.36	⟨οἱ⟩ ὀφθαλμοὶ [τὰς οὐκέτι τοῦ θεοῦ ψυχὰς] χωρήσουσιν ὀλίγοΝ, καὶ [[παντελῶς μικρὸν]] τῷ ἐν τούτοις ⟨τοῖς⟩ ⟨⟨κύκλοιϲ⟩⟩ ὑγρῷ [καὶ] [[κύκλων]] ⟨⟨παντελῶς μικρὸν⟩⟩ τὸν ἑαυτῶν πρόγονον οὐρανὸν ὁρῶσαι στενάξομεν ἀεί. [ἔστι δ᾽ ὅτε] καὶ ⟨βλέποντες δ᾽⟩ οὐ βλέψομεν ⟨⟨ἄντικρυς⟩⟩· [ἔνθ⟨εν⟩ Ὀρφεύς τῷ λαμπρῷ βλέπομεν, τοῖς δ᾽ ὄμμασιν οὐδὲν ὁρῶμεν· ] ἀθλίαι⟨ς⟩ γὰρ κατεκρίθη ⟨ἡ⟩μῖν ⟨σκότος⟩. [καὶ τὸ βλέπειν ἡμῖν οὐκ [[ἄντικρυς]] ἐχαρίσθη, ὅτι χωρὶς τοῦ φωτὸς ἡμῖν τὸ ὁρᾶν οὐκ ἐδόθη.] [⎡τόποι⎤ τοίνυν καὶ οὐκέτ᾽ εἰσὶν ὀφθαλμοί.] ὡς δὲ καὶ τῶν συγγενῶν φυσ[σ]ώντων ἐν ἀέρι πνευμάτων ἀκού⟨ου⟩σαι τλημόνως οἴσομεν ὅτι μὴ συμπνέομεν αὐτοῖς· οἶκος ⟨γὰρ⟩ ἡμᾶς ἀντὶ τοῦ μεταρσίου κόσμου τούτου ὁ βραχὺς περιμένει καρδίας ὄγκος. 
23.37	⟨⟨τί ταῖς δυστήναις ἡμῖν [ἀπρεπὲς οὕτως] πέπρακται [τί] τῶν κολάσεων τούτων ἄξιον;⟩⟩ [[ἀεὶ δὲ ἀπολύσας ἡμᾶς ἀφ᾽ ὧν εἰς οἷα κατέβημεν ἀπολεῖ τὸ λυτπεῖσθαι.]] ⟨ὦ⟩ δέσποτα καὶ πάτερ καὶ ποιητά, [εἰ] ⟨διὰ τί⟩ ταχέως οὕτως σῶν ἔργων ἠμέλησας; [[διάταξον ἡμῖν τινας ὅρους.]] ἔτι κἂν βραχέων ἡμᾶς ἀξίωσον λόγων [ἕως ἔτι δι᾽ ὅλου τοῦ περιφανοῦς ἔχομεν βλέπειν κόσμου.] ⟨⟨διάταξον ἡμῖν τινας ὅρους ⟨τῆς κολάσεως⟩·⟩⟩ ⟨⟨[α]εἰ δὲ ⟨...⟩, ἐπιλΉσας ἡμᾶς ἀφ᾽ ⟨οἵ⟩ων εἰς οἷα κατέβημεν ἀπόλΥε το⟨ῦ⟩ λυπεῖσθαι.⟩⟩
23.38	ἐπέτυχον, τέκνον Ὧρε, αἱ ψυχαὶ τα῀Υτa εἰποῦσαι· παρῆν γὰρ [καὶ] ⟨ὁ⟩ μόναρχος, καὶ [[τάδε]] ἐπὶ τοῦ τῆς ἀληθείας καθίσας θρόνου, ταῖς δεηθείσαις ἐφώνησεν ⟨⟨τάδε⟩⟩· [λόγοι τοῦ θεοῦ.] [[Ἔρως ὑμῶν, ψυχαί, δεσπόσει καὶ Ἀνάγκη· οἵδε γὰρ μετ᾽ ἐμὲ πάντων δεσπόται καὶ ταξίαρχοι.]] Ψυχαὶ [δὲ], ὅσαι τὴν ἀγήρατόν μου σκηπτοιυχίαν θεραπεύετε ⟨⟨ἐπέγναωτε δΉ⟨π⟩ου[ν] ὡς διὰ τὰ πρόσθεν πραχθέντα ὑμῖν κόλασιν ταύτην ὑπομένετε [τὴν ἐνσωμάτωσιν].⟩⟩ ἴστε ⟨γὰρ⟩ ὡς ἕως μὲν ἀναμάρτητοι Ἦτε, τὰ ⟨πλησίον⟩ τοῦ οὐρανοῦ ᾠκεῖτε χωρία· ⟨ἐπ⟩εὶ δ᾽ ἄρα τις ὑμῶν [τινος] Ἤγγισε[ι] μέμψις, ⟨⟨σπλάγχνοις καταδικασθεῖσαι⟩⟩ θνητοῖς, καὶ αὐταὶ ⟨τὸν τούτοις⟩ προσμεμοιρα[σ]μένον χῶρον [[σπλάγχνοις καταδικασθεῖσαι]] ἐνοικήσετε, ⟨ὅπου⟩ ⟨⟨Ἔρως ὑμῶν [ψυχαὶ] δεσπόσει καὶ Ἀνάγκη· οἵδε γὰρ μετ᾽ ἐμὲ ⟨τῶν κάτω⟩ πάντων δεσπόται καὶ ταξίαρχοι.⟩⟩ 
23.39	⟨⟨ἀλλ᾽ οὐκ [δὲ] εἰκῆ καὶ ὡς ἔτυχεν ἐνομοθέτησα τὰς Μεταβολὰς ὑμῶν· ἀλλ᾽ ὡς ἐπὶ τὸ χεῖρον ⟨...⟩ εἴ τι [δια]πράξετε ἄσχημον, οὕτως ἐπὶ τὸ βέλτιον, εἴ τι βουλεύ⟨σ⟩εσθε τῆς ἑαυτῶν γενέσεως ἄξιον. ἐγὼ γὰρ [καὶ οὔτις ἕτερος] ἐπόπτης αὐτὸς [καὶ ἐπίσκοπος] ἔσομαι·⟩⟩ κἂν μὲν ᾞ ὑμῶν μέτρια τὰ αἰτιάματα, τὸν ἐπίκηρον τῶν σαρκῶν [συν]δεσμὸν καταλιποῦσαι πάλιν ἀστένακτοι τὸν ἑαυτῶν ⎡οὐρανὸν⎤ ἀσπάσεσθε· εἰ δ’ ἄρα τινῶν μειζόνων ἁμαρτημάτων ἔσεσθε ⎡ποιητικαί⎤, [οὐ μετὰ τέλους καθήκοντος] τῶν πλασμάτων προελθοῦσαι ⎡οὐρανὸν⎤ μὲν οὐκέτι οἰκήσετε, οὐδ᾽ αὖ σώματα ἀνθρώπων, ⟨εἰς⟩ ζῷα δ᾽ ἄλογα μετα⟨βᾶσαι, χαμαὶ⟩ πλανώμεναι ⟨τὸ⟩ λοιπὸν διατελέσετε.
23.40	τάδε εἰπών, ὦ τέκνον Ὧρε, πάσαις αὐταῖς ⎡ἐχαρίσατο πνεύματα⎤, καὶ πάλιν ἐφώνησεν· [[Ἄλλους δὲ εἰκῆ καὶ ὡς ἔτυχεν ἐνομοθέτησε τὰς διαβολὰς ὑμῶν, ἄλλως ἐπὶ τὸ χεῖρον εἴ τι διαπράξετε ἄσχημον, οὕτως ἐπὶ τὸ βέλτιον εἴ τι βουλεύεσθε τῆς ἑαυτῶν γενέσεως ἄξιον· ἐγὼ γὰρ καὶ οὔτις ἕτερος ἐπόπτης αὐτὸς καὶ ἐπίσκοπος ἔσομαι.]] [[ἐπίγνωτε δὲ οὖν ὡς διὰ τὰ πρόσθεν πραχθέντα ὑμῖν κόλασιν ταύτην ὑπομένετε τὴν ἐνσωμάτωσιν.]] 
23.41	⟨... ἀρχ⟩ὴ τοίνυν [διαφορὰ] [τῆς] παλιγγενεσίας ὑμῖν ἔσται ἡ τῶν σωμάτων [ὡς ἔφην] διαφ⟨θ⟩ορά, [εὐεργεσία δὲ] καὶ ⟨τῆς⟩ πρόσθεν εὐδαιμονία⟨ς ἀνανέωσις⟩ ἡ διάλυσις· τυφλωθήσεται δ᾽ ὑμῶν ἡ φρόνησις, [ἐάν τι ἀνάξιον ἐμοῦ δόξητε πράσσειν,] ὥστε φρονεῖν τὰ ἐναντία, καὶ τὴν μὲν κόλασιν ὡς εὐεργεσίαν ⎡ὑπομένειν⎤, τὴν δὲ εἰς τὰ βελτίονα μεταβολὴν ⟨ὡς⟩ ἀτιμίαν [τε] καὶ ὕβριν. αἱ δικαιότεραι δ᾽ ὑμῶν καὶ τὴν εἰς τὸ ⎡θεῖον⎤ μεταβολὴν ἐκδεχόμεναι ⟨...⟩
23.42	⟨...⟩ εἰς μὲν ἀνθρώπους, βασιλεῖς δίκαιοι, φιλόσοφοι γνήσιοι, κτίσται καὶ νομοθέται, μάντεις [οἱ] ἀληθεῖς, [ῥιζοτόμοι γνήσιοι], ἄριστοι προφῆται θεῶν, μουσικοὶ ἔμπειροι, ἀστρονόμοι νοεροί, οἰωνοσκόποι σαφεῖς, ἀκριβεῖς θύται, καὶ ὁπόσοι ἔς τι καλῶν κἀγαθῶν ἄξιοι. εἶς δὲ πτηνά, ἀετοί, διότι οὐδὲν ⟨οὗτοι⟩ τῶν ὁμογενῶν οὔτε ⎡ἐκβοήσουσιν⎤ οὔτε θοιν[ησ]ῶνται, ἀλλ᾽ οὐδὲ [πλησίον τούτων] ζῷον ἕτερον ἀσθενέστερόν τι αὑτῶΝ ἀδικεῖν ⎡ἀφεθήσεται⎤· ἐνδικωτάτΗ γὰρ ἡ τῶν ἀετῶν φύσις [μετελεύσεται]. εἰς δὲ τετράποδα, λέοντες· ἰσχυρὸν γὰρ τὸ ζῷον, [καὶ φύσεως ἔτυχεν ἀκοιμήτου τρόπῳ τινι,] καὶ φθαρτῷ σώματι τὴν ἀθάνατον γυμναζόμενον φύσιν· οὔτε γὰρ κάμνοΥσιν οὔτε κοιμῶνται. εἰς δὲ ἑρπετά, δράκοντες, δυνατὸν ὅτι τὸ ζῷον, καὶ μακρόβιον, ἄκακόν τε, καὶ φιλάνθρωπον οὕτως ⟨ὥσ⟩τε ⟨ἐνί⟩ουϲ καὶ τιθασεύεϲθαι, καὶ ἰὸν οὐκ ἔχει, ⟨ν⟩εάΖει δὲ καὶ γηράσαν, καθάπερ φύσις ἡ θεῶν. ἐν δὲ νήχουσι, δελφῖνες· συμπαθ[ησ]οῦσι γὰρ [καὶ] τοῖς εἰς πέλαγος ἐμπίπτουσιν οὗτοι, καὶ το⟨ὺς⟩ μὲν ἐμπνο῀Υϲ διακομί⟨ζ⟩ουσιν εἰς γῆν, τῶν δὲ τελευτησάντων οὐδ᾽ ὅλως ποτε ἅπτονται, καίτοι φιλοβ⟨ο⟩ρωτάτου πάντων ὄΝΤΟϹ τοῦ τῶν ἐνύδρων γένους. τοσαῦτα ὁ θεὸς εἰπὼν ἀόρατος [νοῦς] γίγνεται. 
23.43	τούτων οὕτως γενομένων, τέκνον Ὧρε, ἰσχυρότατόν τι ἀπὸ γῆς ἀνίσταται πνεῦμα, ἀκατάληπτον μὲν περιοχ῀ιΗ σώματος, δυνάμει δὲ φρονήσεως ὑπερ⟨έ⟩χον, [ὃ] [[καίπερ εἰδὸς ὑπὲρ ὦν ἐπυνθάνετο]] τὸ σῶμα [[μὲν]] κατ⟨ὰ⟩ τύπον ἀνδρὸς περικείμενον, καὶ καλὸν ⟨⟨μὲν⟩⟩ καὶ σεμνοπρεπὲς ὄν, ὑπερβολῇ δὲ ἄγριον καὶ πλῆρες φόβου· ὄ δὴ παραυτίκα τὰς ψυχὰς εἰσιούσας εἰς τὰ πλάσματα θεωρῆσαΝ [αν], ⟨⟨καίπερ εἰδὸς ὑπὲρ ὧν ἐπυνθάνετο,⟩⟩ Τίνες ἔλεγεν οὗτοι καλοῦνται, ὦ Ἑρμῆ, θεῶν ὑπομνηματογράφε;
23.44	εἰπόντος δὲ Ἄνθρωποι , [ἔφης] ἔφη Ὦ Ἑρμῆ, τολμηρὸν ἔργον ποιῆσαι τὸν ἄνθρωπον, περίεργον ὀφθαλμοῖς ⟨⟨μέλλον⟨τα⟩ εἶναι⟩⟩, καὶ [λάλου γλώσσης] ἀκουστικὸν [[μᾶλλον εἶναι]] [[καὶ]] τῶ⟨ν⟩ αὐτῷ μὴ προσηκόντων, ⟨⟨καὶ⟩⟩ λίχνον ⟨γεύσει, καὶ...⟩ ὀσφρήσει, καὶ μέχρι πάντων τῷ [τῆς ἁφῆς] ἁπτικῷ μέλλοντα καταχρᾶσ⟨θ⟩αι. τοῦτον ἀμέριμνον καταλεῖψαι κέκρικας, ὦ γενεσιουργέ, τὸν ὁρᾶν μέλλοντα τολμηρῶς τῆς φύσεως τὰ καλὰ μυστήρια; ἄλυπον ἐᾶσαι θέλεις τοῦτον, ⟨τὸν⟩ καὶ μέχρι [τῶν] περά⟨τω⟩ν γῆς τὰς ⎡ἑαυτοῦ⎤ μέλλ[ησ]οντα πέμπειν ἐπινοίας;
23.45	⟨⟨εἶτα [οὐ καὶ μέχρις οὐρανοῦ περίεργον ὁπλισθήσο⟨ν⟩ται τόλμαν οὗτοι;] οὐκ [ἀμερίμνους] [ἐκτενοῦσιν] ἐπ[ε]ι [καὶ] τὰ στοιχεῖα [τὰς ψυχὰς αὐτῶν]⟩⟩ ⟨⟨τολμηρὰς ἐκτε[ι]νοῦσι χεῖρας;⟩⟩ ῥίζας φυτῶν ἀνασκάψουσιν ἄνθρωποι, καὶ [ποιότητα⟨ς⟩ ἐξετάσουσι χυλῶν,] λίθων φύσεις ἐπισκοπήσουσι· καὶ διὰ μέσοΥ ἀνατεμ[ν]οῦσι τῶν ζῷων τὰ ἄλογα, οὐ μόνον ⟨δὲ ταῦτα⟩, ἀλλὰ καὶ ἑαυτούς, ⟨π⟩ῶς ⟨...⟩ ἐγένοντο ἐξετάζειν θέλοντες, ⟨⟨καὶ τίς ἐνδοτέρω τῶν [ἱερῶν ἀδύτων] ⟨...⟩ φύσις ὑπάρχει.⟩⟩ [[τολμηρὰς ἐκτείνουσι χεῖρας]] [καὶ μέχρι θαλάσσης καὶ] τὰς αὐτοφυεῖς ὕλας τέμνοντες [μέχρι καὶ] [[τῶν πέραν] διαπορθμεύ⟨σ⟩ουσι[ν ἀλλήλους] ⟨θάλασσαν⟩ ἐπὶ ζήτησιν ⟨⟨τῶν πέραν⟩⟩ [[καὶ τίς ἐνδοτέρω τῶν ἱερῶν ἀδύτων φύσις ὑπάρχει]]. ⟨⟨⟨όρύσσοντες μέτ⟩αλλα [καὶ τούτων] τὴν ἐσχάτην [τῷ θέλειν] ⟨τῶν ὑπογείων⟩ ἐρευνήσουσι νύκτα.⟩⟩ ⟨⟨ἔτι μέτρια ταῦτα·⟩⟩ ⟨καὶ⟩ τὰ [μέχρις] ἄνω διώξουσι, παρατηρῆσαι βουλόμενοι τίς οὐ⟨ρα⟩ν⟨οῦ⟩ καθέστηκε κίνησις. [[ἔτι μέτρια ταῦτα.]] [λείπει γὰρ οὐδὲν ἔτι πλὴν γῆς τόπος ἔσχατος.] [[ἀλλὰ καὶ τούτων τὴν ἐσχάτην τῷ θέλειν ἐρευνήσουσι νύκτα.]]
23.46	μηδὲν οὖν ἐμπόδιον ἔχωσιν οὗτοι, ἀλλὰ [τῷ τῆς ἀληθείας ἀγαθῷ μυηθῶσι καὶ] τοῖς χαλεποῖς μὴ βιασθέντες τοῦ φόβου κέντροις ἀμερίμνῳ βίῳ ⟨ἐν⟩τρυφήσωσιν; [[εἶτα οὐ καὶ μέχρις οὐρανοῦ περίεργον ὁπλισθήσεται τόλμαν; οὗτοι οὐκ ἀμερίμνους ἐκτενοῦσιν ἐπεὶ καὶ τὰ στοιχεῖα τὰς ψυχὰς αὐτῶν;]] δίδαξον ἐντεῦθεν ⎡ἐρᾶν τοῦ τί βουλεύεσθαι⎤ ⟨...⟩ [ἵνα ἔχωσι καὶ τῆς ἀποτυχίας τὸ χαλεπὸν φοβηθῆναι,] ἵνα τῷ τῆς λύπης δακνηρῷ δαμασθῶσι, τῶν ἐλπιζομένων ἀποτυχόντες. χρεωκοπείσθω [πῶν ψυχῶν] αὐτῶν τὸ περίεργον [ἐπιθυμίαις καὶ φόβοις καὶ λύπαις καὶ ἐλπίσι πλάνοις]. ἐπάλληλοι τὰς ψυχὰς αὐτῶν [ἔρωτες] νεμέσθωσαν ἐλπίδες ποικίλαι [ἐπιθυμίαι], ποτὲ μὲν ἐπιτυγχάνουσαι, ποτὲ δὲ ἀτευκτοῦσαι, ἵνα αὐτοῖς καὶ ⟨τὸ⟩ τῆς ἐπιτυχίας ἡδὺ δέλεαρ ᾖ εἰς ἄθλησιν τελειοτέρων κακῶν. ⎡βαρείτω πυρετὸς αὐτούς, ἵνα, ἐκκακήσαντες κολάσωσι τὴν ἐπιθυμίαν.⎤
23.47	[λυπῇ, τέκνον Ὧρε, τάδε ⟨ἀκούων⟩; ⟨⟨καταπλήσσῃ⟩⟩ ἑρμηνευούσης σοι τῆς τεκούσης [οὐ θαυμάζεις] [οὐ] [[καταπλήσσῃ]] πῶς ὁ τάλας ἄνθρωπος ἐβαρήθη; ⟨ἔ⟩τι δεινότερον ἐπάκουσον.] 
23.48	ἐτέρπετο Μώμου ταῦτα λέγοντος Ἑρμῆς· ἐλέγετο γὰρ οἰκείως αὐτῷ τὰ εἰρημένα. [[καὶ ταῦτα ἔπραττεν ὅσα περ εἰρήκει]] [λέγων] ⟨Ὦ⟩ Μῶμε , ⟨ἔφη,⟩ [ἀλλ᾽ οὐκέτ᾽ ἀργὴ γενήσεται [πνεύματος θείου] φύσις ἡ τοῦ περιέχοντος.] [εἶπε γὰρ εἶναί με ταμίαν καὶ προνοητὴν ὁ τῶν συμπάντων δεσπότης.] [[ἐποπτετῆρα τοίνυν τὰ γῆς ἔσται τῶν ὅλων ὀξυδερκὴς θεὸς Ἀδράστεια.]] ⟨...⟩ καί τι κρυπτὸν ὄργανον ἐγὼ τεχνάσομαι, ἀπλανοῦς καὶ ἀπαραβάτου ⎡θεωρίας⎤ ἐχόμενον, ᾦ [τὰ ἐπὶ γῆς] ἀναγκαίως δουλαγωγηθήσεται πάντα τὰ ⟨τῶν ἀνθρώπων⟩ ἀπὸ γενέσεως ἄχρι φθορᾶς ἐσχάτης [[ἔχον τὴν ἀποτελουμέναων πῆξιν]]· πεισθήσεται δὲ τῷ ὀργάνῳ τούτῳ καὶ τὰ ἐπὶ γῆς ἄλλα πάντα. εἶπεν Ἑρμῆς [ἐγὼ δὲ] ταῦτα τῷ Μώμῳ, ⟨⟨καὶ [ταῦτα] ἔπραττεν ὅσα περ εἰρήκει.⟩⟩ καὶ ἤδη τὸ ὄργανον ἐκινεῖτο· ⟨⟨ἐπόπτε⟨ι⟩[τη]ρα [τοίνυν τὰ γῆς] ⟨δ᾽ ἐπ⟩έστΗ τῶν ὅλων ὀξυδερκὴς θεὸς Ἀδράστεια,⟩⟩ ⟨⟨ἕχοΥ⟨σα⟩ τὴν ⟨τῶν⟩ ἀποτελουμένων πῆξιν.⟩⟩ 
23.49	ταῦτα δὲ ὡς ἐγένετο, καὶ ἐνεσωματίσθησαν αἱ ψυχαί, [καὶ ἐπαίνου ὑπὲρ τῶν γενομένων αὐτὸς ἔτυχεν,] ⟨....⟩ 
23.50	[[πάλιν ὁ μόναρχος σύγκλητον τῶν θεῶν ἐποίησε συνέδριον. καὶ οἱ θεοὶ παρῆσαν, καὶ πάλιν αὐτὸς ταῦτα οὕτως ἐφώνησε, Θεοί λέγων, ὅσοι τῆς κορυφαίας, ὅσοι καὶ ἀφθάρτου φύσεως τετεύχατε, οἳ τὸν μέγαν αἰῶνα διέπειν ἐς ἀεὶ κεκλήρωσθε, οἷς αὐτὰ ἑαυτοῖς ἀντιπαραδιδόντα οὐδέποτε κοπιάσει τὰ σύμπαντα, μέχρι πότε τῆς ἀνεπιγνώστου ταύτης δεσπόσομεν ἡγεμονίας; μέχρι πότε ἀθεώρητα γενήσεται ταῦτα ἡλίῳ καὶ σελήνῃ; ἕκαστος ἡμῶν ἐφ᾽ ἑαυτῷ γεννάτω. ἀπαλείψωμεν τῷ δύνασθαι τὴν ἔτι ἀργὴν σύστασιν ταύτην. ἄπιστος τοῖς μεταγενεστέροις μῦθος δὲ δοξάτω χάος εἶναι. ἔργων ἅπτεσθε μεγάλων, ἐγὼ δ᾽ αὐτὸς ἄρξομαι πρῶτος. εἶπε, καὶ εὐθέως κοσμικῶς τῆς ἔτι μελαίνης ἑνώσεως διάστασις ἐγένετο· καὶ]] 
23.51	[[ἐφάνη μὲν οὐρανὸς ἄνω συγκεκοσμημένος τοῖς ἑαυτοῦ μυστηρίοις πᾶσι· κραδαινομένη ἔτι γῆ ἡλίου λάμψαντος ἐπάγη, καὶ ἐφάνη πᾶσι τοῖς περὶ αὐτὴν συγκεκοσμημένοις καλοῖς. καλὰ γὰρ τῷ θεῷ καὶ τὰ θνητοῖς εἶναι νομιζόμενα φαῦλα, ὅτι δὴ τοῖς τοῦ θεοῦ νόμοις δουλεύειν ἐποιήθη. ἔχαιρε δὲ ὁ θεὸς ὁρῶν ἤδη ἑαυτοῦ τὰ ἔργα κινούμενα.]] 
23.52	[[πληρώσας δὲ τὰς ἰσοστασίας χεῖρας τῷ περιέχοντι τῶν ἐκ τῆς φύσεως ὑπαρχόντων, καὶ τὰς δράκας καρτερῶς σφίγξας, Λάβε, εἶπεν, ὦ ἱερὰ γῆ, λάβε, πάντιμε καὶ εἶναι γεννήτειρα μέλλουσα πάντων, καὶ μηδενὶ ἐντεῦθεν λείπεσθαι δόκει. εἶπεν ὁ θεός, καὶ τὰς χεῖρας, οἵας δεῖ θεὸν ἔχειν, ἁπλώσας πάντα ἀφῆκεν ἐν τῇ τῶν ὄντων συστάσει.]] 
23.53	[καὶ ἄγνωστα μὲν ἦν κατ᾽ ἀρχὰς παντάπασι.] νεωστὶ γὰρ αἱ ψυχαὶ καθειρχθεῖσαι [καὶ τὴν ἀτιμίαν μὴ φέρουσαι] [[τοῖς ἐν οὐρανῷ θεοῖς ἐφιλονείκουν, τῆς ἑαυτῶν εὐγενείας περικρατοῦσαι καὶ ἀντιλαμβανόμεναι, ὡς καὶ αὐταὶ τοῦ αὐτοῦ ἔτυχον δημιουργοῦ,]] ἐστασίαζον· καὶ ⟨οἱ κρείσσονες⟩, τοῖς λειπομένοις ἀνθρώποις ὀργάνοις χρώμενοι, ἐποίουν αὐτοὺς ἑαυτοῖς ἐπιτίθεσθαι καὶ ἀντιτάσσεσθαι, καὶ πολεμεῖν ἀλλήλοις. καὶ [οὕτως ἡ [μὲν] ἰσχὺς κατὰ τῆς ἀσθενείας μέγα ἠδύνατο, ὥστε] οἱ ἰσχυροὶ τοὺς ἀδυνάτους καὶ ⎡ἔκαιον⎤ καὶ ἐφόνευον, καὶ [κατὰ τῶν ἱερῶν] τοῦτο μὲν ζῶντας ⟨ἠνδραπόδιζον⟩, τοῦτο δὲ καὶ νεκροὺς ἔρριπτον ⟨ἀθάπτους⟩ [κατὰ τῶν ἀδύτων]. 
23.54	⟨⟨πολλοῦ δὲ ἤδη γενομένου τοῦ κακοῦ,⟩⟩ [ἕως] ἀγανακτήσαντα τὰ στοιχεῖα τῷ μονάρχῳ θεῷ ἐντυχεῖν ἐδοκίμαζον ὑπὲρ τῆς τῶν ἀνθρώπων ἀγρίου πολιτείας· [[πολλοῦ δὲ ἤδη γενομένου τοῦ κακοῦ]] [τὰ στοιχεῖα] ⟨καὶ⟩ τῷ ποιήσαντι αὐτὰ [τῷ θεῷ] προσελθόντα τοιούτοις λόγοις [ὑπὲρ μέμψεως] ἐχρήσαντο. 
23.55	καὶ δὴ ⟨⟨τὸ πῦρ, πρῶτον⟩⟩ ⟨γὰρ⟩ [καὶ] εἶχε τὴν τοῦ λέγειν ἐξουσίαν [[τὸ πῦρ πρῶτον]], Δέσποτα [δὲ] ἔλεγε καὶ τοῦ καινοῦ τούτου κόσμου τεχνῖτα, ⟨οὗ⟩ καὶ [[κρυπτὸν]] ⟨⟨σεβαστὸν ⟨τὸ⟩ ὄνομα⟩⟩ ἐν θεοῖς καὶ ⟨⟨κρυπτὸν⟩⟩ [[σεβαστὸν ὄνομα]] [μέχρι νῦν ἅπασιν] ἀνθρώποις, μέχρι πότε [ὦ δαῖμον] ἄθεον καταλεῖψαι τὸν θνητῶν βίον προ[ς]αίρεσιν ἔχεις; ⟨⟨οὐκ ἐῶσί Με ⎡μένειν⎤ εἰς ὃ πέφυκα, παραχαράσσοντες οὐ καθηκόντως τὸ ἄφθαρτον·⟩⟩ ⟨⟨μ⟨ι⟩αίνομαι γάρ, ὦ δέσποτα, [μέχρι νῦν,] καὶ ὑπὸ τῆς τῶν [γενομένων] ἀνθρώπων [ἀθέου] τόλμης σάρκας ἀναγκάζομαι τήκειν.⟩⟩ 
23.56	ἀνάΔειΖον ἤδη σεαυτὸν χρῃματιζοντι τῷ κόσμῳ, καὶ τοῦ βίου τὸ ἄγριον λῦ[η]σον. [[εἰρήνῃ χάρισο νόμους τῷ βίῳ. χάρισαι νυκτὶ χρησμούς. πλήρωσον καλῶν ἐλπίδων πάντα.]] φοβείσθωσαν ἄνθρωποι τὴν ἀπὸ θεῶν ἐκδικίαν, καὶ οὐδεὶς ἁΜαρτήσει. [ἐπαξίους ἁμαρτημάτων μισθοὺς ἂν ἀπολάβωσι⟨ν οἱ ἁμαρτόντες⟩, φυλάξονται οἱ λοιποὶ τὸ ἀδικεῖν.] [φοβηθήσονται ὅρκους, καὶ οὐδὲ εἷς ἔτι ἀνόσιον φρονήσει.] ⟨⟨εἰρήνηΝ χαρισάΜΕΝος τῷ βίῳ [χάρισαι νυκτὶ χρησμούς] πλήρωσον καλῶν ἐλπίδων πάντα·⟩⟩ ⟨καὶ⟩ μαθέτωσαν εὐεργετηθέντες εὐχαριστῆσαι, ἵνα [χαῖρον] [παρὰ λοιβαῖς] παρὰ θυσίαις ὑπηρετ⟨οῦν⟩ ἐΓὼ τὸ πῦρ [ἵν᾽] εὐώδεις ἀτμοὺς ἀπ᾽ ἐσχάρας προπέμψω σοι. [[μαίνομαι γάρ, ὦ δέσποτα, μέχρι νῦν, καὶ ὑπὸ τῆς τῶν γενομένων ἀνθρώπων ἀθέου τόλμης σάρκας ἀναγκάζομαι τήκειν.]] [[οὐκ ἐῶσί τε μένειν εἰς ὃ πέφυκα, παραχααράσσοντες οὐ καθηκόντως τὸ ἄφθαρτον.]]
23.57	ὁ δὲ ἀήρ Καὶ αὐτὸς θολοῦμαι, δέσποτα, ἔλεγε, [καὶ] ἀπὸ ⟨τῆς ἐκ⟩ τῶν νεκρῶν [σωμάτων] ἀναθυμιάσεως, νοσώδης τέ εἰμι, καὶ ⟨⟨οὐκέτι⟩⟩ ὑγιεινός [[οὐκέτι]]· ἐφορῶ τε ἄνωθεν οἷα μῊ θέμις ὁρᾶν.
23.58	ὕδωρ ἑξῆς, ὦ παῖ μεγαλόψυχε, τὴν τοῦ λέγειν εἶχεν ἐξουσίαν, καὶ ἔλεγεν οὕτως· Πάτερ [καὶ θαυμαστὲ ποιητὰ πάντων] αὐτογόνε [δαῖμον] καὶ τῆς διὰ σὲ πάντα γεννώσης ποιητὰ φύσεως, ἤδη ποτὲ [ὦ δαῖμον] [[ἀεὶ]] ῥεῖθρα [ποταμῶν] ⟨τἀμὰ⟩ καθαρὰ πρόσταξον εἶναι· [ἢ] ⟨⟨ἀεὶ⟩⟩ γὰρ ἀπολούουσι ποταμοὶ καὶ θάλασσαι τοὺς φονεύσαντας [ἢ] ⟨καὶ⟩ δέχονται τοὺς φονευθέντας.
23.59	γῆ παρῆν περίλυπος ἑξῆς, καὶ ⎡τάξομαι τῆς ἀπὸ τῶν 25 λόγων⎤, ὦ παῖ μεγαλόδοξε, οὕτως λέγειν ἤρξατο· Βασιλεῦ καὶ ⟨⟨πάτερ⟩⟩, τῶν οὐρανίων πρύτανι [καὶ δέσποτα] ἁψίδων, ⟨καὶ⟩ στοιχείων ἡμῶν ἡγεμὼν [[πάτερ]] τῶν σοι παρεστώτων, ἐξ ὧν [αὐξήσεως καὶ μειώσεως] ἀρχὴν ἔχει τὰ πάντα, εἰς ἃ καὶ πάλιν καταλήγοντα ἀναγκαίως ὀφειλόμενον τέλος ἔχει· [ἀλόγιστος, ὦ πολυτίμητε, καὶ ἄθεος] [[ἀπ’ ἀνθρώπων ἐπ᾽ ἐμὲ χορὸς ἔπεστι]] [χωρῶ δ᾽ ἐγὼ καὶ φύσιν πάντων] ⟨⟨στοιχείων τιμιωτέραν τῶν ἄλλων τὴν γῆν [μετ]ἐποίησαϲ·⟩⟩ αὐτὴ γάρ, ὡς σὺ προσέταξας, καὶ φέρω πάντα καὶ [τὰ φονευθέντα] δέχομαι. ἀτιμοῦμαι δὲ ἤδη·
23.60	[ὁ ἐπὶ πάντων] [[ὁ ἐπιχθόνιός σου κόσμος πεπληρωμένος θεὸν οὐκ ἔχει]] ⟨⟨... ἀπ᾽ ἀνθρώπων ἐπ᾽ ἐμὲ ⎡χορὸς⎤ ἐπέστΗ⟩⟩. πάντα γάρ, ὃ φοβηθῶσιν οὐκ ἔχοντες, παρανομοῦσι· καὶ κατ᾽ ἐμῶν, ὦ κύριε, ⎡τενόντων⎤ ⟨πεδίων⟩ πάσῃ πονηρᾷ τέχνῃ ⟨φονευόμενοι⟩ καταπίπτουσι, καταβρέχομαι δὲ πᾶσα διαφθειρομένω⟨ν⟩ σωμάτων χυλοῖς.
23.61	ἐντεῦθεν, κύριε, ⟨ἐπεὶ⟩ [καὶ] τοὺς οὐκ ἀξίους ἀναγκάζομαι χωρεῖν, χωρῆσαι θέλω μεθ᾽ ὧν φέρω πάντων καὶ θεόν. ⟨μέχρι πότε⟩ ⟨⟨ὁ ἐπιχθόνιός σου κόσμος, ⟨θνητῶν⟩ πεπληρωμένος, θεὸν οὐκ ἔχει;⟩⟩ χάρισαι τῇ γῇ, κἂν [οὐ] ⟨μὴ⟩ σεαυτόν, οὐ γὰρ σὲ χωρεῖν ὑπομένω, ⟨ἀλλὰ⟩ σαυτοῦ ⟨γέ⟩ τινα ἱερὰν ἀπόρροιαν. [[στοιχείων τιμιωτέραν τῶν ἄλλων τὴν γῆν μετεποίησαν.]] [μόνῃ γὰρ αὐχεῖν τῶν ἀπὸ σοῦ πρέπει τὰ πάντα παρεχούσῃ.]
23.62	τοσαῦτα μὲν τὰ στοιχεῖα εἶπεν· ὁ δὲ θεός, ἱερᾶς [ἐν τῷ λέγειν] φωνῆς τὰ σύμπαντα πληρώσας, Πορεύεσθε, εἶπεν, ἱερὰ καὶ μεγάλου πατρὸς ἄξια τέκνα, καὶ κατὰ μηδένα τρόπον νεωτερίζειν ἐπιχειρεῖτε, μηδὲ ἀργὸν τῆς ἐξ ὙΜῶν ὑπηρεσίας τὸν σύμπαντά μου κόσμον καταλείπετε. ἑτέρα γὰρ ἐν ὑμῖν τις ἤδη ⟨κατοικήσει⟩ τῆς ἐμῆς ἀπόρροια φύσεως, ὃς δὴ καὶ ὅσιος ἔσται τῶν πραττομένων ἐπόπτης, καὶ ζώντων μὲν κριτὴς ἀμεθόδευτος, φρικτὸς δ⟨ὲ⟩ [οὐ μόνον ἀλλὰ καὶ τιμωρὸς] τῶν ὑπὸ γῆν τύραννος· [καὶ] ἑκάστῳ δὲ τῶν ἀνθρώπων ἀκολουθήσει ⎡διὰ γένους⎤ μισθὸς ἐπάξιος.
23.63	καὶ οὕτως ἐπαύσατο τῆς ἐντυχίας τὰ στοιχεῖα [[τοῦ δεσπότου κελεύσαντος]] καὶ ἐχεμυθίαν εἶχεν· καὶ ⟨⟨τοῦ δεσπότου κελεύσαντος⟩⟩ ἕκαστον αὐτῶν τῆς ἰδίας ἐξουσίας ἐκράτει [καὶ ἐδέσποζε].—
23.64	καὶ ἐκ τούτου εἶπεν Ὧρος· Ὦ τεκοῦσα, πῶς οὖν τὴν τοῦ θεοῦ ἀπόρροιαν ἔχειν εὐτύχησεν ἡ γῆ; —καὶ εἶπεν Ἶσις· Παραιτοῦμαι [[γένεσιν ἱστορεῖν]] [[οὐ γὰρ θεμιτὸν]] σῆς σπορᾶς καταλέγειν ἀρχήν, ὦ μεγαλοσθενὲς Ὧρε· ⟨⟨οὐ γὰρ θεμιτὸν⟩⟩ [ὡς μήποτε ὕστερον εἰς ἀνθρώπους ἀθανάτων ⟨δι⟩έλθῃ γένεσις] θεῶν ⟨⟨γένεσιν ἱστορεῖν⟩⟩· πλὴν ὅτι γε ὁ μόναρχος θεός, ὁ τῶν συμπάντων [κοσμοποιητὴς καὶ] τεχνίτης, τ῀ιΗ ⟨γῇ⟩ τὸν μέγιστόν σου πρὸς ὀλίγον ἐχαρίσατο πατέρα Ὄσιριν καὶ τὴν μεγίστην θεὰν Ἶσιν, ἵνα τῶν πάντων δεομένῳ ⟨τῷ⟩ κόσμῳ βοηθοὶ γένωνται.
23.65	οὗτοι, ⟨τοῦ θ⟩είου τὸν βίον [ε]πληρώσαν⟨τες⟩, [οὗτοι] τὸ τῆς ἀλληλοφονίας ἔπαυσαν ἄγριον. ⟨⟨οὗτοι [παρ᾽ Ἑρμοῦ μαθόντες ὡς τὰ κάτω συμπαθεῖν τοῖς ἄνω ὑπὸ τοῦ δημιουργοῦ διετάγη] [τὰς] πρὸς κάθετοΝ ⟨ἐμολογούσας⟩ τοῖς ἐν οὐρανῷ μυστηρίοις ἱεροποιίας ἀνέστησαν ἐν γῇ.⟩⟩ ⟨⟨οὗτοι⟩⟩ τεμένη ⟨τοῖς⟩ προγόνοις θεοῖς [[αὐτοὶ]] καὶ θυσίας καθιέρωσαν· [νόμους] οὗτοι καὶ τροφὰς θνητοῖς καὶ σκέπην ἐχαρίσαντο. 
23.66	οὗτοι τὰ κ υπτά , φησὶν Ἑρμῆς, τῶν ἐμῶν ἐπιγνώσονται γραμμάτων πάντα καὶ διακρινοῦσι, καὶ τινὰ μὲν ⎡αὐτοὶ κατασχῶσιν⎤, ἃ δὲ καὶ πρὸς εὐεργεσίας θνητῶν ⎡φθάνει⎤, ⟨ἐν⟩ στήλαις καὶ ὀβελίσκοις χαράξουσιν.
23.67	[οὗτοι πρῶτοι δείξαντες δικαστήρια] [[ εὐνομίας τὰ σύμπαντα καὶ δικαιοσύνης ἐπλήρωσαν.]] οὗτοι, δεξιᾶς καὶ πίστεως ἀρχηγέτΗΝ [γενόμενοι καὶ] τὸν μέγιστον θεὸν Ὅρκον εἰσαγαγόντε⟨ς⟩ εἰς τὸν βίον, ⟨⟨εὐνομίας τὰ σύμπαντα καὶ δικαιοσύνης ἐπλήρωσαν.⟩⟩ οὗτοι, ⟨⟨τὸ φθόριμον τῶν σωμάτων ἐπιγνόντες,⟩⟩ τοὺς παυσαμένους τοῦ ζῆν ὡς δέον ἐστὶ[ν] [[ἐδίδαξαν]] περιστέλλειν ⟨⟨ἐδίδαξαν⟩⟩· οὗτοι, τὸ τοῦ θανάτου ζητήσαντες αἴτιον, ἔγνωσον ὡς τοῦ ἔξωθεν ⟨⟨εἰς τὰ τῶν ἀνθρώπων πλάσματα⟩⟩ ⟨εἰσελθόντος⟩ πνεύματος φιλυποστρόφου τυγχάνοντος [[εἰς τὰ τῶν ἀνθρώπων πλάσματα]] ⎡ἐὰν ὑστερήσῃ ποτέ, ἀνάκτησιν οὑκ ἔχουσαν ἐργάζεται λ[ε]ιποθυμίας.⎤ οὗτοι, τὸ περιέχον ὃτι δαιμόνων ἐπληρώθη παρὰ Ἑρμοῦ μαθόντες, ⟨... ἐν⟩ κρυπταῖς στήλαις ἐχάραξαν. 
23.68	οὗτοι [μόνοι], τὰς κρυπτὰς νομοθεσίας τοῦ θεοῦ [παρὰ Ἑρμοῦ] μαθόντες, [τεχνῶν καὶ ἐπιστημῶν καὶ ἐπιτηδευμάτων ἁπάντων εἰσηγηταὶ] τοῖς ἀνθρώποις ἐγένοντο [καὶ νομοθέται. [[οὗτοι, παρ᾽ Ἑρμοῦ μαθόντες ὡς τὰ κάτω συμπαθεῖν τοῖς ἄνω ὑπὸ τοῦ δημιουργοῦ διετάγη, τὰς προσκαθέτους τοῖς ἐν οὐρανῷ μυστηρίοις ἱεροποιίας ἀνέστησαν ἐν γῇ.]] οὗτοι [[τὸ φθόριμον τῶν σωμάτων ἐπιγνόντες]] τὸ ⎡ἐν ἅπασι τέλειον⎤ τῶν προφητῶν ἐτεχνάσαντο, [ὡς μήποτε ὁ μέλλων θεοῖς προσάγειν χεῖρας προφήτης ἀγνοῇ τι τῶν ⟨δε⟩ὀντων,] ἵνα φιλοσοφίᾳ μὲν [καὶ μαγείᾳ] ⟨τὴν⟩ ψυχὴν τρέφῃ, σώζῃ δ᾽ [[ὅταν τι πάσχῃ]] ἰατρικῇ ⟨τὸ⟩ σῶμα ⟨⟨ὅταν τι πάσχῃ⟩⟩. 
23.69	ταῦτα πάντα ποιήσαντες, ὦ τέκνον, Ὄσιρίς τε κἀγώ τὸν κόσμον πληρέστατον ἰδόντες ⟨ἀγαθῶν γενόμενον⟩ [[ἀπῃτούμεθα λοιπὸν]] ὑπὸ τῶν τὸν οὐρανὸν κατοικούντων, ⟨⟨ἀπῃτούμεθα λοιπὸν⟩⟩ ⟨...⟩. ἀλλ᾽ οὐκ ἦν ἀνελθεῖν πρὶν ⟨ὕμνῳ⟩ ἐπικαλέσασθαι τὸν μόναρχον, ἵνα δὴ ⎡καὶ τῆς θεωρίας ταύτης⎤ πλῆρες τὸ περιέχον γένηται, αὐτοί τε εὐπαράδεκτοι [εὐτυχήσωμεν] ⟨ποιησώμεθα⟩ τὴν ἀνάβασιν. [χαίρει γὰρ ὕμνοις ὁ θεός.]—
23.70	Ὦ τέκουσα, εἶπεν Ὧρος, κἀμοὶ χάρισαι τὴν τοῦ ὕμνου ἐπίγνωσιν [ὡς μὴ ἀμαθὴς ὑπάρχω].—Καὶ εἶπεν Ἶσις, Πρόσεχε, παῖ.
24.1	Σὺ δέ, ὦ παῖ μεγαλόψυχε, εἴ τι θέλεις ἕτερον ἐπεράτα.καὶ εἶπεν Ὧρος· Ὦ πολυτίμητε μῆτερ, εἰδῆσαι θέλω πῶς γίγνονται βασιλικαὶ ψυχαί.—καὶ εἶπεν Ἶσις· Ἡ γιγνομένη, τέκνον Ὧρε, περὶ τὰς βασιλικὰς ψυχὰς διαφορὰ τοιαύτη τίς ἐστιν. [ἐπεὶ γὰρ] τόποι τέσσαρές εἰσιν ἐν τῷ παντί, οἵτινες ἀπαραβάτῳ νόμῳ καὶ ⟨βασιλικῇ⟩ προστασίᾳ ὑποπίπτουσιν, ὅ τε οὐρανὸς καὶ ⟨ὁ⟩ αἰθὴρ καὶ ὁ ἀὴρ καὶ ἡ [ἱερωτάτη] γῆ. καὶ ἄνω μέν, ὦ τέκνον, ἐν οὐρανῷ θεοὶ κατοικοῦσιν, ὧν ἄρχει μετὰ καὶ τῶν ἄλλων πάντων ὁ τῶν ὅλων δημιουργός· ἐν δὲ τῷ αἰθέρι ἀστέρες, ὦν ἄρχει ὁ μέγας φωστὴρ ἥλιος· ἐν δὲ τῷ ἀέρι ψυχαὶ [δὲ μόναι], ὧν ἄρχει σελήνη· ἐπὶ δὲ τῆς γῆς ἄνθρωποι [καὶ τὰ λοιπὰ ζῷα], ὦν ἄρχει ὁ ⟨ἀεὶ⟩ [[κατὰ καιρὸν]] βασιλεύς· γεννῶσι γάρ ⟨⟨κατὰ καιρόν⟩⟩, ὦ τέκνον, [βασιλεῖς] ⟨ἄνθρωπον⟩ οἱ θεοὶ ἐπάξιοΝ τῆς ἐπιγείου (ἡ⟩γ⟨εμ⟩ονίας. 
24.2	καί εἰσιν οἱ ⟨ἄλλοι⟩ ἄρχοντες τοῦ ⟨ἐν οὐρανῷ⟩ βασιλέως ἀπόρροιαι· ὧν ὁ μᾶλλον ἐκείνῳ πλησίον, οὗτος καὶ τῶν ἄλλων βασιλικώτερο. ὁ μὲν γὰρ ἥλιος, καθὸ ἔγγιόν ἐστι τοῦ θεοῦ, τῆς σελήνης ἐϲτὶ μείζων καὶ δυναμικώτερος· [ᾧ δευτερεύει ἡ σελήνη καὶ κατὰ τάξιν καὶ κατὰ δύναμιν·] ⟨ἡ δὲ σελήνη....⟩ 
24.3	καὶ ὁ [μὲν] ⟨ἐπὶ γῆς⟩ βασιλεὺς τῶν μὲν [ἄλλων θεῶν] ⟨δ᾽ ἀρχόντων⟩ ἐστὶν ἔσχατος, πρῶτος δὲ ἀνθρώπων. καὶ μέχρις ὅτου ἐπὶ γῆς ἐστι, τῆς μὲν ἀληθοῦς θε[ι]ότητος ἀπήλλακται, ἔχει δὲ ἐξαίρετόν τι παρ⟨ὰ τοὺς ἄλλους⟩ ἀνθρώποΥς, ὃ ὅμοιόν ἐστι τῷ θεῷ· ἡ γὰρ εἰς αὐτὸν καταπεμπομένη ψυχή [ἐξ ἐκείνου] ἐστι⟨ν ἐκ⟩ [τοῦ] χωρίου ὃ ὑπεράνω κεῖται ἐκείνων ἀφ᾽ ὧν εἰς τοὺς ἄλλους καταπέμπονται ἀνθρώπους. 
24.4	καταπέμπονται δὲ ἐκεῖθεν εἰς τὸ βασιλεύειν διὰ δύο ταῦτα αἱ ψυχαί, ὦ τέκνον· αἱ ⟨μὲν⟩ [γὰρ] καλῶς καὶ ἀμέμπτως δραμοῦσαι τὸν ἴδιον ἀΓῶνα, καὶ μέλλουσαι ἀποθεοῦσθαι, ἵνα κἀν τῷ βασιλεύειν ⟨εἰς⟩ τὴν τῶν θεῶν προγυμνασθῶσιν ἐξουσίαν· αἱ ⟨δέ⟩, θεῖαί τινες ἤδη οὖσαι, καὶ ἐΝ μικρῷ τινι παραθεμιστεύσασαι τὸν [ἐν] θε⟨ῖ⟩ον γνώμονα, ἵνα [μὴ] κόλασιν μὲν ἐν τῷ ⟨ἐν⟩σεσωματίσθαι ὑπομένωσι [δι᾽ ἀδοξίαν καὶ φύσιν], μηθὲν ⟨δὲ⟩ ὅμοιον ταῖς ἄλλαις πάσχωσιν [ένσαωματισθεσαι], ἀλλ᾽ ὅπερ ⟨προ⟩εῖχον λελυμέναι, τοῦτο καὶ δεθεῖσαι ⟨προ⟩έχωσιν. 
24.5	αἱ μέντοι περὶ τὰ ἤθη τῶν βασιλευόντων γιγνόμεναι διαφοραὶ οὐκ ἐν τῇ τῆς ψυχῆς φΎσει κρίνονται, πᾶσαι γὰρ θεῖαι, ἀλλ᾽ ἐν τῇ τῶν δορυφορησάντων αὐτῆς τὴν κατάΒασιν ἀγγέλων καὶ δαιμόνων. αἱ γὰρ τοιαῦται καὶ ἐπὶ τοιαῦτα κατερχόμεναι δίχα προπομπῆς καὶ δορυφορίας οὐ κατέρχονται· οἶδε γὰρ ἡ ἄνω δίκη τὴν ἀξίαν ἑκάστῳ νέμειν, κἂν ἐκ τῆς 6 εὐημερούσης χώρας ἀπωθῶνται. 
24.6	ὅταν οὖν οἱ κατάγοντες αὐτὴν ἄγγελοι καὶ δαίμονες, τέκνον Ὧρε, πολεμικοὶ ὦσι, ⟨τότε καὶ αὐτὴ πολεμεῖ·⟩ [τούτων ⟨γὰρ⟩ περικρατεῖ[ν] τῆς γνώμης ἡ ψυχή [ἔχει ἢ] ἐπιλαθομένη τῶν ἑαυτῆς ἔργων, μΌΝων δὲ μεμνημένη [τούτων μέχρι] τῶν ⟨ἀπὸ⟩ τῆς [ε] ἱερᾶς συνοδίας προσγεγονότων·] ὅταν δὲ εἰρηνικοί, τότε καὶ αὐτὴ [τὸν ἴδιον δρόμον] εἰρηνοποιεῖται· ὅταν δὲ δικαστικοί, τότε καὶ αὐτὴ δικάζει· ὅταν δὲ μουσικοί, τότε καὶ αὐτὴ ἄδειὅταν δὲ φιλαλήθεις, τότε καὶ αὐτὴ φιλοσοφεῖ. ὡς γὰρ ἐξ ἀνάγκης αἱ ψυχαὶ αὗται τῆς τῶν καταγόντων περικρατοῦσι γνώμης· πίπτουσι γὰρ εἰς τὴν ἀνθρωπότητα τῆς μὲν ἰδίας φύσεως ἐπιλαθόμεναι [καὶ παρόσον μακρὰν αὐτῆς ἀπέστησαν], μεμνη⟨μέ⟩Ναι δὲ τῆς τῶν κατακλεισάντων αὐτὰς διαθέσεως.—
24.7	Καλῶς,εἶπεν Ὧρος, [ἅπαντα] ⟨ταῦτά⟩ μοι ⟨ἐξήπλωσας⟩, ὦ τεκοῦσα· πῶς δὲ εὐγενεῖς γίγνονται ψυχαί, οὐδέπω μοι διηγήσω.— [Πῶς γίγνονται εὐγενεῖς ψυχαί.] Ὃν τρόπον ἐπὶ γῆς, ὦ τέκνον Ὧ ρε, εἰσί τινες πολιτεῖαι διαφέρουσαι ἀλλήλων, οὕτως καὶ ἐπὶ τῶν ψυχῶν ἐστι. καὶ αὗται γὰρ τόπους ἔχουσιν ὅθεν ὡρμῶσι, καὶ ἡ ἀπὸ τοῦ ἐνδοξοτέρου τόπου ὡρμηκυῖα εὐγενεστέρα ἐστὶ τῆς μὴ οὕτως ἐχούσης. ὅνπερ γὰρ τρόπον ἐΝ ἀνθρώποις ὁ ἐλεύθερος εὐγενέστερος εἶναι δοκεῖ δούλου,—τὸ γὰρ [[ἐν ταῖς ψυχαῖς]] ὑπερέχον καὶ βασιλικὸν δουλοποιεῖ⟨ται⟩ τὸ ὑπερεχόμενον ἐξ ἀνάγκης,οὔταω δή, ὦ τέκνον, καὶ ⟨⟨ἐν ταῖς ψυχαῖς⟩⟩ ⟨ἔχει⟩.— 
24.8	⟨Πῶς ὦ τεκοῦσα⟩, ἀρρενικαὶ καὶ θηλυκαὶ γίγνονται ψυχαί;—[Πῶς ἀρρενικαὶ καὶ θηλυκαὶ γίγνονται ψυχαί.] Αἱ ψυχαί, ὦ τέκνον Ὧρε, ὁμοφυεῖς εἰσιν ἑαυταῖς, καθάπερ ἐξ ἑνὸς οὗσαι χωρίου, ἐν ᾧ αὐτὰς διετύπωσεΝ ὁ δημιουργός, καὶ οὔτε εἰσὶν ἄρρενες οὔτε θήλειαι. ἡ γὰρ τοιαύτη [διάθεσις] ⟨⟨διαφορὰ⟩⟩ ἐπὶ σωμάτων γίγνεται, καὶ οὐκ ἐπὶ ἀσωμάτων. 
24.9	ἡ δὲ [[διαφορὰ]] ⟨αἰτία⟩ τοῦ τὰς μὲν ⟨τῶν ἀρρένων⟩ ⟨ὀ⟩βριμω[δεσ]τέρας εἶναι, τὰς δὲ ⟨τῶν θηλειῶν⟩ εὐαφεῖς, ⟨...⟩ ⎡ὁ ἀήρ ἐστι, τέκνον Ὧρε, ἐν ᾧ πάντα γίγνεται· ἀὴρ δὲ ψυχῆς ἐστιν⎤ ⟨...⟩ αὐτὸ τὸ σῶμα ὃ περιβέβληται, ὅπερ στοιχείων ἐστὶ φύραμα, γῆς καὶ ὕδατος καὶ ἀέρος καὶ πυρός. ἐπεὶ οὖν τὸ μὲν τῶν θηλειῶν σύγκριμα πλεονάζει μὲν τῷ ὑγρῷ καὶ ⟨τῷ⟩ ψυχρῷ, λείπεται δὲ τῷ ξηρῷ καὶ ⟨τῷ⟩ θερμῷ, παρὰ τοῦτο ἡ εἰς τοιοῦτον πλάσμα συγκλειομένη ψυχὴ δίυγρος γίγνεται καὶ τρυφερά, ὥσπερ ἐπὶ τῶν ἀρρένων τὸ ἐναντίον ἐστιν εὑρεῖν· ἐΝ γὰρ τούτοις πλεονάζει μὲν τὸ ξηρὸν καὶ τὸ θερμόν, λείπεται δὲ τὸ ψυχρὸν καὶ ⟨τὸ⟩ ὑγρόν, ⟨καὶ⟩ διὰ τοῦτο αἱ ἐν τοιούτοις σώμασι ψυχαὶ τραχεῖαι καὶ ἐργατικώτεραί εἰσι.— 
24.10	Πῶς γίγνονταί [αἱ] ψυχαὶ συνεταί, ὦ τεκοῦσα;—καὶ ἀπεκρίθη Ἶσις· [Πῶς γίγνονται αἱ ψυχαὶ] Τὸ ὁρατικόν, ὦ τέκνον, περιβέβληται χιτῶσιν. ὅταν οὗτοι οἱ χιτῶνες πυκνοὶ ὦσι καὶ παχεῖς, ἈΜΒλυωπεῖ ὁ ὀφθαλμός· ἐὰν δὲ ἀραιοὶ καὶ λεπτοί, τότε ὀξυωπέστατα βλέπει. οὕτως καὶ ἐπὶ τῆς ψυχῆς· ἔχει γὰρ καὶ αὕτη ἴδια περιβόλαια, ἀσώματα, καθὸ καὶ αὐτὴ ἀσώματός ἐστι. τὰ δὲ περιβόλαια ταῦτα ἀ⟨έ⟩ρος ⟨χιτῶνές⟩ εἰσι το῀Υ ἐν ἡμῖν. ὅταν οὗτοι ὦσι λεπτοὶ καὶ ἀραιοὶ καὶ διαυγεῖς, τότε συνετὴ ἡ ψυχή ἐστιν· ὅταν δὲ τοὐναντίον πυκνοὶ καὶ παχεῖς καὶ τεθολωμένοι, [[τότε]] ὡς ἐν χειμῶνι, ⟨⟨τότε⟩⟩ ἐπὶ μακρὸν οὐ βλέπει, ἀλλὰ τ⟨οσ⟩αῦτα ὅσα παρὰ ποσὶ κεῖται.—
24.11	καὶ εἶπεν Ὧ ρος· Διὰ τίνα οὖν αἰτίαν, ὦ τεκοῦσα, οἱ ἔξω τῆς ἱερωτάτης ἡμῶν χώρας ἄνθρωποι [ταῖς διανοίαις] οὐχ οὝτως εἰσὶ συνετοὶ ὡς οἱ ἡμέτεροι;—καὶ εἶπεν Ἶσις· Ἡ γῆ μέσον τοῦ παντὸς ὑπτία κεῖται, ὥσπερ ἄνθρωπος, ⟨πρὸς⟩ οὐρανὸν βλέπουσα. μεμέρισται δὲ καθ᾽ ὅσα μέρη ὁ ἄνθρωπος μερίζεται· [⟨ἐμ⟩βλέπει δ᾽ [ἐν] οὐρανῷ καθάπερ πατρὶ ἰδίῳ, ὅπως ταῖς ἐκείνου μεταβολαῖς καὶ αὐτὴ [τὰ ἴδια] συμμεταβάλλῃ· καὶ πρὸς μὲν τῷ νότῳ τοῦ παντὸς κειμένην ἔχει τὴν κεφαλήν, πρὸς δὲ τῷ ἀπηλιώτῃ ⟨τὸν⟩ δεξιὸν ὦμον, ⟨πρὸς δὲ τῷ λιβὶ τὸν εὐώνυμον,⟩ ὑπὸ ⟨δὲ⟩ τῊΝ ἄρκτοΝ τοὺς πόδας, [τὸν δὲ εὐώνυμον ὑπὸ τὴν κεφαλὴν τῆς ἄρκτου,] τοὺς δὲ μηροὺς ἐν τοῖς μετὰ τὴν ἄρκτον [τὰ δὲ μέσα ἐν τοῖς μέσοις]. 
24.12	καὶ τούτου σημεῖόν ἐστι τὸ τοὺς μὲν νοτιαίους τῶν ἀνθρώπων καὶ ἐπὶ τῇ κορυφῇ ⟨τῆς γῆς⟩ οἰκοῦντας εὐκορύφους ⟨⟨εἶναι⟩⟩ καὶ καλλίτριχας, τοὺς δὲ ἀπηλιωτικοὺς πρὸς μάχην προχείρους [[εἶναι]] καὶ τοξι[α]κούς,—[αἰτία] ⟨κρείττων⟩ γὰρ τούτοιϲ ἡ δεξιὰ χείρ ἐστι,—τοὺς δ᾽ ἐν τῷ λιβὶ ⎡ἀσφαλεῖς⎤ εἶναι καὶ ὡς ἐπὶ τὸ πλεῖστον ἀριστερομάχους [καὶ ⟨ἐν⟩ ὅσοιϲ ἄλλοι τῷ δεξιῷ μέρει ἐνεργοῦσιν, αὐτοὺς τῷ εὐωνύμῳ ⎡προστιθεμένους⎤], τοὺς δὲ ὑπὸ τὴν ἄρκτον [πρός τινα] ⟨...⟩ τοὺς πόδας, καὶ ἄλλως εὐκνήμους. [τοὺς] ⟨οἱ⟩ δὲ μετὰ τούτους καὶ μικρῷ πόρρω [τὸ νῦν Ἰταλικὸν κλίμα καὶ τὸ Ἑλλαδικόν], πάντες δῊ οὗτοι καλλίμηροί εἰσι καὶ εὐπΥγ[ον]ότεροι [ὥστε τῇ τοῦ κάλλους τῶν μερῶν τούτων ὑπερβολῇ καὶ τοὺς ἐνταῦθα ἀνθρώπους καταβαίνειν πρὸς τὴν τῶν ἀρρένων ὁμιλίαν.] 
24.13	πάντα δὲ ταῦτα τὰ μέρη ⟨τῆς γῆς⟩, πρός ⟨τινα μὲν ἐνεργὰ ὄντα, πρὸς δὲ⟩ τὰ ἄλλα ἀργά [ὄντα], ἀργοτέρους ⟨τὴν νόησιν⟩ ἤνεγκε καὶ τοὺς ἀπ᾽ αὐτῶν ἀνθρώπους. ἐπειδὴ δὲ ἐν τῷ μέσῳ τῆς γῆς κεῖται ἡ τῶν προγόνων ἡμῶν ἱερωτάτη χώρα, τὸ δὲ μέσον τοῦ ἀνθρωπίνου σώματος [μόνης] τῆς καρδίας ἐστι σηκός, τῆς δὲ ψυχῆς ὁρμητήριόν ἐστι⟨ν ἡ⟩ καρδία, παρὰ ταύτην τὴν αἰτίαν, ὦ τέκνον, ⟨οἱ⟩ ἐνταῦθα ἄνθρωποι τὰ μὲν ἄλλα ἔχουσιν οὐχ ἧττον ὅσα καὶ πάντες, ἐξαίρετον δὲ τῶν πάντων νοερώτεροί εἰσι [καὶ σώφρονες], ὡς ἂν ἐπὶ καρδίας ⟨γῆς⟩ γενόμενοι καὶ τραφέντες. 
24.14	ἄλλως τε, ὁ μὲν νότος, ὦ παῖ, δεκτικὸς ὢν τῶν ἐκ τοῦ περιέχοντος συνισταμένων νεφῶν, ⟨...⟩. αὐτίκα γοῦν καὶ διὰ τὴν οὕτως αὐτῶν γενομένων ἐκεῖ⟨σε⟩ [κ] ἀΝακομιδὴν ἐκεῖθεν ῥεῖν λέγουσιν καὶ τὸν ἡμέτερον πο⟨ταμόν⟩, λυομένης ἐκεῖ τῆς ⎡πάχνης⎤. ὅπου δ᾽ ἂν ἐμπέσῃ νεφέλη, τὸν Ὑποκείμενον ἤχλυσεν ἀέρα, καὶ τρόπον τινὰ καπνοῦ κατέπλΗσε· καπνὸς δὲ ἢ ἀχλὺς οὐ μόνον ὀΜμάτων ἐστὶν ἐμπόδιον, ἀλλὰ καὶ νοῦ. ὁ δὲ ἀπηλιώτης, ὦ μεγαλόδοξε Ὧρε, τῇ σύνεΓΓΥϹ τοῦ ἡλίου ἀνατολῇ θορυβούμενος καὶ ἐκθερμαινόμενος, ὁμοίως δὲ καὶ ὁ ἀντικείμενος τούτῳ λίψ μετέχων τῶν αὐτῶν κατὰ δυσμάς, ⟨οὐκ⟩ [οὐδεμίαν] εἰλικρινῆ ⟨τὴν⟩ [ἐπι] σΎΝεσιν ποιοῦϲι τῶν παρ᾽ αὐτοῖς γεννωμένων ἀνθρώπων· ὁ δὲ βορέας τῇ συμφάτῳ ψυχρίᾳ ἀποπήσσει μετὰ τῶν· σωμάτων καὶ τὸν νοῦν τῶν ὑπ᾽ αὐτὸν ἀνθρώπων. 
24.15	τὸ δὲ μέσον τούτων, [εἰλικρινὲς ὂν καὶ] ἀτάραχον ⟨ὄν⟩, καὶ ⟨αὐτὸ καθ⟩ ἑαυτὸ προ[λ]έχει, καὶ τοῖς ἐν αὐτῷ ⟨γεννωμένοις⟩ [πᾶσι]· τῇ γὰρ συνεχεῖ ⟨εύ⟩Ημερ[ιμν]ίᾳ ⟨συνετοὺς⟩ γεννᾷ. καὶ ⟨ἀλλοφύλους δὲ⟩ κοσμοῖ καὶ παιδεύει· καὶ ⟨γὰρ⟩ μόνον ⟨ὅ⟩ϲοις ⟨⟨ἐρίζει⟩⟩, τοσούτοΥς [[ἐρίζει]] καὶ νικᾷ, καὶ [[ἐπιστάμενον τὴν ἰδίαν]] νικῆ⟨σα⟩ν, ὥσπερ σατράπηΝ ἀγαθὸΝ τοῖς νενικημένοις [καὶ] ⟨⟨ἐπιστΉμΗν [ον] τὴν ἰδίαν⟩⟩ ἐπιδίδωσι.— 
24.17	Καἰ τοῦτό μοι, κυρία μῆτερ, ἔκθου· παρὰ ποίαν αἰτίαν ἔτι ζώντων ἀνθρώπων ἐν ταῖς μακραῖς νόσοις καὶ ὁ [λόγος καὶ αὐτὸς ὁ] λογισμὸς καὶ αὐτὴ ἡ ψυχὴ ἔσθ᾽ ὅτε βλάπτεται καὶ ἀπεκρίθη Ἶσις· Τῶν ζῴ[ντ]ων, ὦ τέκνον, τὰ μὲν ᾠκείωται πρὸς τὸ πῦρ, τὰ δὲ πρὸς τὸ ὕδωρ, τὰ δὲ πρὸς ἀέρα, τὰ δὲ πρὸς γῆν, τὰ δὲ πρὸς τούτων δύο ἢ τρία [τὰ δὲ καὶ πρὸς τὰ ὅλα]· ⟨καὶ⟩ πάλιν αὖ τὰ μὲν ἀπηλλοτρίωται τοῦ πυρός, τὰ δὲ τοῦ ὕδατος, τὰ δὲ τῆς γῆς, τὰ δὲ τοῦ ἀέρος, τὰ δὲ δύο τούτων, τὰ δὲ τριῶν [τὰ δὲ τῶν ὅλων]. 
24.18	οἷον ἀκρὶς μέν, ὦ τέκνον, καὶ πᾶσα μυῖα φεύγει τὸ πῦρ, ἀετὸς καὶ κίρκος καὶ ὅσα ὑψιπετ⟨έστ⟩ερά ἐστι τῶν ὀρνέων φεύγει τὸ ὕδωρ, ἰχθύες ἀέρα καὶ γῆν, ὄφις τὸν ἀέρα τὸν εἰλικρινῆ ἀποστρέφεται· φιλοῦσι δὲ τὴν μὲν γῆν οἱ ὄφεις καὶ ὅσα ἕρπει, τὸ δὲ ὕδωρ τὰ [κι] νη⟨κ⟩τὰ πάντα, τὸν δὲ ἀέρα τὰ πτηνά [ἐν ᾧ καὶ πολιτεύεται], τὸ δὲ πῦρ ὅσα ὑπερπετῆ ἐστι καὶ ἐγγὺς ⟨ἡλίου ἔχει⟩ τὴν δίαιταν. [οὐ μὴν ἀλλὰ καί τινα τῶν ⟨ἄλλων⟩ ζῴων φιλεῖ τὸ πῦρ, οἷον αἱ σαλαμάνδραι· ἐν γὰρ τῷ πυρὶ καὶ φωλεύουσιν.]
24.19	⟨...⟩ ⎡ἕκαστον γὰρ τῶν στοιχείων περιβολή ἐστι τῶν σωμάτων.⎤ πᾶσα οὖν ψυχή, ἐν τῷ σώματι οὖσα, βαρεῖται καὶ θλίβεται τοῖς τέτταρσι τούτοις. [καὶ γὰρ εἰκός ἐστι καὶ ταύτην τισὶ μὲν τούτων τέρπεσθαι, τισὶ δὲ ἄχθεσθαι.] διὰ τοῦτο οὖν οὐκ ἔχει ⟨ἑντ⟩αῦθa τὴν ἀκροτάτην εὐδαιμονίαν, ἀλλ᾽ ὡς ἂν φύσει θεία οὖσα κἀν τούτοις οὖσα ⎡μάχεται⎤· καὶ νοεῖ, ἀλλ᾽ οὐχ ὅσα ἂ⟨ν⟩ ἐνόησεν ἀσύνδετος οὖσα σώματι. ἐὰν μέντοι [καὶ] τοῦτο σάλον λάβῃ καὶ ταραχὴν ἤτοι ἀπὸ νόσου ἢ ⎡φόβου⎤, τότε καὶ αὐτὴ ὥσπερ ἐν βυθῷ ⟨πεσὼν⟩ ἄνθρωπος ἐπικυμαίνεται, καὶ οὐδὲν ⟨ἀνθ⟩ισταμένΗ φέρετ⟨αι⟩. 
25.1	Θαυμαστῶς, εἶπεν Ὧρος, ἕκαστά μοι διηγήσω, ὦ μέγα δυναμένη τεκοῦσα Ἶσι, ὑπὲρ τῆς θαυμαστῆς ψυχοποιίας τοῦ θεοῦ, καὶ θαυμάζων διατελῶ· οὔπω δέ μοι ἀπήγγειλας ποῦ τῶν σωμάτων ἀπολυθεῖσαι χωροῦσιν αἱ ψυχαί. βούλομαι οὖν καὶ τῆς θεωρίας ταύτης μύστης γενόμενος εὐχαριστῆσαι σοὶ μόνῃ, ἀθάνατε μῆτερ.—
25.2	καὶ εἶπεν Ἶσις· Πρόσεχε, παῖ· ἀναγκαιοτάτη γὰρ ζήτησις αὕτη· ⟨⟨[μύστης] ⟨ἐγὼ⟩ δέ, [ὥσπερ] τῆς ἀθανάτου φύσεως καὐτὴ [τυγχάνουσα] ⟨μετέχουσα⟩, καὶ ὡδευκυῖα διὰ τοῦ πεδίου τῆς ἀληθείας, διεξελεύσομαί σοι τῶν ὄντων τὸ καθ᾽ ἕκαστον, ἐκεῖνό σοι φήσασα πρῶτον, ὡς δὴ⟩⟩ ⎡τὸ συνεστὸς καὶ μὴ ἀφανιζόμενον χῶρον ἔχει⎤ ⟨...⟩. 
25.3	ἀλλ᾽ ὧδε γὰρ ἐρεῖ ⟨τις, ὡς δὴ⟩ [λόγος ἐμός] [Ποῦ τῶν σωμάτων ἀπολυθεῖσαι διατρίβουσιν αἱ ψυχαί] [οὐ γάρ, ὦ θαυμαστὲ καὶ μεγάλου πατρὸς Ὀσίρεως μέγα τέκνον] [[ἀκρίτως]] [καὶ ὁρμηδὸν] τῶν σωμάτων προελθοῦσαι εἰς ἀέρα ἀναχύνονται [τε] ⟨⟨ἀκρίτως⟩⟩ καὶ διασκεδάννυνται μετὰ τοῦ ἄλλου ἀπείρου πνεύματος· εἶτα οὐκέτι δύνασθαι πάλιν τὰς αὐτὰς οὔσας εἰς ⟨⟨ἄλλα⟩⟩ σώματα παλινδρομῆσαι, [[ἀλλὰ]] ο᾽Υδὲ εἰς ἐκεῖνον ἔτι τὸν χῶρον [εἶναι], ὅθεν ἦλθον τὸ πρότερον, ἀναστρέφειν, καθάπερ οὐδὲ τὸ ⎡λαμβανόμενον ἐκ τῶν κάτω ἀγγείων⎤ ὕδωρ εἰς τοὺς αὐτοὺς τόπους ὅθεν ἐλήφθη ⎡ἐπέχειν⎤ ἐστὶ δυνατόν, [ἀλλ᾽ οὐδ᾽ ⎡αὐτὸ παραυτίκα λαμβανόμενον καὶ χεόμενον τὴν ἰδίαν λαμβάνει χώραν⎤, πλὴν ἀναμίγνυται τῷ παντὶ τοῦ ὕδατος χύματι. 
25.4	ἀλλ᾽ οὐκ ἔχει οὕτως, ὦ μεγαλόφρων Ὧρε· [[μύστης δὲ ὥσπερ τῆς ἀθανάτου φύσεως καὐτὴ τυγχάνουσα, καὶ ὡδευκυῖα διὰ τοῦ πεδίου τῆς ἀληθείας, διεξελεύσομαί σοι τῶν ὄντων τὸ καθ᾽ ἕκαστον, ἐκεῖνό σοι φήσασα πρῶτον, ὡς δὴ]] τὸ ⟨μὲν γὰρ⟩ ὕδωρ σῶμά ἐστιν ἄλογον, ἐκ πολλῶν συγ⟨κε⟩κριμέΝον παρατεθλιμμένων εἰς χύσιν, ἡ δὲ ψυχὴ πρᾶγμα ἰδιοφυές, τέκνον, [καὶ βασιλικόν,] καὶ ἔργον τῶν τοῦ θεοῦ χειρῶν τε καὶ νοῦ, ⎡αὐτῷ θ᾽ ἑαυτῷ⎤ εἰς νοῦν ὁδηγούμενον. τὸ τοίνυν ἐξ ἑνὸς καὶ οὐκ ἐκ ⟨π⟩ολλῶΝ ἀδύνατον ἑτέρῳ ἀναμιγῆναι· ὅθεν δεῖ καὶ τὴν πρὸς τὸ σῶμα αὐτῆς σύνοδον [ἁρμονίαν θεοῦ] ὑπὸ ἀνάγκης γενομένην εἶναι. 
25.5	ὅτι δὲ οὔτε εἰς ἕνα καὶ τὸν αὐτὸν τόπον ⟨πᾶσαι⟩ χυδαίως, οὔτε εἰκῇ καὶ ὡς ἔτυχεν [[ἀλλὰ]] ἑκάστη, ⟨⟨ἀλλὰ⟩⟩ ἐπὶ τὴν ἰδίαν ἀναπέμπεται χώραν, φανερὸν καὶ ἐξ ὧν ἔτι ἐν τῷ σώματι οὖσα [καὶ τῷ πλάσματι] πάσχει ⟨καὶ⟩ [γὰρ] παρὰ τὴν ἰδίαν φύσιν ⎡πεπαχυμμένη⎤. 
25.6	[ἀλλὰ καὶ] πρόσ⟨σ⟩χες ⟨γάρ⟩, ὦ περιπόθητε Ὧρε, τῷ λεγομένῳ ὁμοιώματι. φέρε γὰρ εἰς ἓν καὶ τὸ αὐτὸ συσχετήριον ἐγκεκλεῖσθαι ἀνθρώπους τε, καὶ ἀετοὺς καὶ περιστερὰς καὶ κύκνους καὶ ἱέρακας καὶ χελιδόνας καὶ στρουθοὺς καὶ μυίας, [[καὶ ὄφεις]], καὶ λέοντας καὶ παρδάλεις καὶ λύκους καὶ κύνας καὶ λαγωοὺς καὶ βόας καὶ ποίμνια, ⟨⟨καὶ ὄφεις,⟩⟩ καί τινα τῶν ⎡τῆς κοινότητος ἐχομένων⎤ ζῴων, οἱονεὶ φώκας καὶ ἐνύδρεις καὶ χελώνας καὶ τοὺς ἡμετέρους κροκοδείλους· ἔπειτα τούτους, ὦ τέκνον, ⟨πάντας⟩ ὑπὸ μίαν ῥοπὴν ἀπολυθῆναι τοῦ συσχετηρίου. 
25.7	⟨οὐ⟩ πάντως τραπήσονται οἱ μὲν ἄνθρωποι εἰς [τε] ἀγορὰς καὶ στέγας, ὁ δὲ ἀετὸς εἰς τὸν αἰθέρα, ὅπου καὶ φύσιν ἔχει διαιτᾶσθαι, αἱ δὲ περιστεραὶ εἰς τὸν πλησίον ἀέρα, οἱ δὲ ἱέρακες ὑπεράνω τούτων; αἱ δὲ χελιδόνες οὐχὶ ὅπου ἂν οἰκῶσιν ἄνθρωποι, οἱ δὲ στρουθοὶ περὶ τὰ καρποφόρα τῶν δένδρων, οἱ δὲ κύκνοι ὅπου ἔξεστιν αὐτοῖς ᾄδειν, αἱ δὲ μυῖαι περὶ αὐτὴν τὴν γῆν, τοσοῦτον αὐτῆς ἀπέχουσαι ὅσον ἀναβῆναι δύνα[ν]ται ἀνθρώπαων [τῇ] ὀσμή;—ἀνθρωπόλιχνον γὰρ ἰδίως, ὦ τέκνον, ἐστὶν ἡ μυῖα, καὶ χαμαιπετές·— οἱ δὲ λέοντες καὶ παρδαλεῖς οὐκ ἐπὶ τὰ ὄρη, οἱ δὲ λύκοι ἐπὶ τὰς ἐρημίας, οἱ δὲ κύνες κατ᾽ ἴχνος ἀνθρώπων, λαγωοὶ δὲ ⟨εἰς⟩ δρυμούς, καὶ βόες ⟨εἰς⟩ αὐλιστήρια [πεδία], καὶ εἰς τὰς νομὰς τὰ ποίμνια; οἱ δὲ ὄφεις εἰς τὰ μύχια τῆς γῆς; φῶκαι δὲ καὶ χελῶναι μετὰ τῶν ὁμοίων εἰς βάθη καὶ νάματα. ὡς μὴ πεδιάδος γῆς στέροιντο μηδὲ τοῦ συγγενοῦς ἀπολειφθεῖεν ὕδατος, ἑκάστου εἰς τὴν οἰκείαν χώραν ὑπὸ τοῦ ἔνδον κριτηρίου ἀνατρεπομένου; 
25.8	οὕτως ἑκάστη ψυχή, καὶ ἄνθρωπευομένη καὶ ἄλλως ἐπιγεἴζονσα, οἶδεν ὅπου πορευτέον αὐτῇ ἐστι· πλὴν εἰ μή τις τῶν Τυφωνίων, ὦ τέκνον, παρελθὼν λέγοι ὅτι δυνατὸν ταῦρον μὲν ἐν βυθῷ ἐν ⟨δὲ⟩ ἀέρι χελώνην διαζῆν. εἰ δὴ τοῦτο πάσχουσι σαρκὶ καὶ αἵματι βεβαπτισμέναι, ὡς μηδὲν παρὰ τάξιν πράσσειν κἂν κολάζωνται,—κόλασις γὰρ αὐταῖς ἡ ἐνσωμάτωσις,—πόσῳ πλέον [βαπτισμοῦ καὶ] ⟨τῆς⟩ κολάσεως ⟨ἀπολυθεῖσαι⟩, καὶ ἐλευθερίας ⟨τῆς⟩ ἰδίας μετασχοῦσαι;
25.9	⟨...⟩ ἔχει δὲ ἡ ⟨τῶν⟩ ⟨⟨ἄνω⟩⟩ διάταξις [ἡ ἱερωτάτη] οὕτως. [ἤδη ποτέ [[ἄνω]], ⟨ὦ⟩ μεγαλοφυέστατε παῖ, βλέπε] [ψυχῶν διατάξεις.] τὸ ἀπ᾽ οὐρανοῦ κορυφῆς μέχρι σελήνης θεοῖς καὶ ἄστροις καὶ τῇ ἄλλῃ προνοίᾳ σχολάζει· τὸ δὲ ἀπὸ σελήνης, ὦ τέκνον, ἐφ᾽ ἡμᾶς ψυχῶν ἐστιν οἰκητήριον. 
25.10	ἔχει μέντοι ἐν ἑαυτῷ [ὁδὸν] ⟨κίνησιν⟩ ὁ [τοσοῦτος] ἀήρ, ὃν ἄνεμον καλεῖν ἔθος ἐστὶν ἡμῖν, [ἴδιον] [μέγεθος ἐν ὦ] ⟨ἢν⟩ κινεῖται πρὸς ἀνάψ υξιν τῶν ἐπιγείων· ὃ δὴ καὶ ὕστερον ἐρῶ. κατ᾽ οὐδένα μέντοι τρόπον πρὸς ἑαυτὸν κινούμενος ἐμπόδιον γίγνεται ψυχαῖς· κινουμένου γὰρ τούτου ἔξεϲτι ψυχαῖς ἀναΐσσειν καὶ καταΐσσειν, ὡς ἃν τύχῃ, ἀδιακωλύτως. ῥέουσι γὰρ δι᾽ αὐτοῦ ἀμιγῶς καὶ ἀκολλητί, ὡς δι᾽ ἐλαίου ὕδωρ.] 
25.11	τὸ δὲ διάστημα τοῦτο, ὦ τέκνον Ὧρε, μοιρῶν μέν ἐστι γενικῶν τεσσάρων, ⟨ε⟩ἰδικῶν δὲ χωρῶν ἑξ⟨ήκοντα. καὶ τῶν μοιρ⟩ῶν ἡ μὲν ἀπὸ γῆς ἄνω χωρῶν ἐστι τεσσάρων, ὡς τὴν γῆν κατά τινας λόφους καὶ ἀκρωρείας [ἀνατεῖναι καὶ] φθάνειν ἄχρι τοσούτου· ὑπὲρ γὰρ ταύτΗς αὐτὴν ἀναβῆναι ⟨εἰς⟩ [τὸ] ὕψος οὐκ ἔχει φύσιν. ἡ δ᾽ ἀπὸ ταύτης δευτέρα ἐστι χωρῶν ὀκτώ· ἐν αἷς γίγνονται ἀνέμων κινήσεις. [πρόσεχε, παῖ· ἀρρήτων γὰρ ἐπακούεις μυστηρίων γῆς τε καὶ οὐρανοῦ καὶ παντὸς τοῦ μέσου [ἱεροῦ] πνεύματος.] ὅπου ⟨δὲ⟩ ἡ τοῦ ἀνέμου κίνησις. ⟨ἐκεῖ⟩ καὶ ἡ τῶν ὀρνέων πτῆσις· ὑπὲρ γὰρ ταύτης οὔτε [[ἀὴρ]] κινεῖται ⟨ὁ⟩ ⟨⟨ἀὴρ⟩⟩ οὔτε ζῷον βαστάζει. ἔχει μέντοι παρὰ τῆς φύσεως ταύτην τὴν ἐξουσίαν ὁ ἀὴρ οὗτος, ὥστε καὶ ἐν ταῖς ἰδίαις ὀκτὼ χώραις καὶ ἐν ταῖς τῆς γῆς τέτταρσι περιπολεῖ⟨ν⟩ μεθ᾽ ὧν ἔχει ζῴων, τῆς γῆς εἰς τὰς [ε]αὐτοῦ ἐπαναβῆναι ⟨μὴ⟩ δυναμένης. 
25.12	ἡ δὲ τρίτη χωρῶν ἐστιν ἑκκαίδεκα, ἀέρος λεπτοῦ καὶ καθαροῦ πλήρης. ἡ δὲ τετάρτη ἐστὶ δύο καὶ τριάκοντα, ἐν αἷς ἐστι λεπτότατος καὶ εἰλικρινέστατος ἀὴρ καὶ διαυΓής. ⟨...,⟩ διορίζων ⎡ἐφ᾽ ἑαυτοῦ⎤ τοὺς [ἄνω] οὐρανούς, ἐκπύρους ὄντας τὴν φύσιν. 
25.13	καὶ ἔστιν ἡ διάταξις αὕτη κατ᾽ εὐθυτενῆ γραμμὴν ἄνωθεν κάτω [ἀκολλητὶ] [τὴν φύσιν], ὡς εἶναι μοίρας [γενικὰς] μὲν τέσσαρας, [διαστηματικὰς δὲ δώδεκα,] χώρας δὲ ἑξήκοντα. ἐν δὲ ταῖς χώραις ταύταις, ἑξ⟨ήκοντα⟩ οὔσαις τὸν ἀριθμόν, οἰκοῦσιν αἱ ψυχαί, ἑκάστη πρὸς ἣν ἔχει φύσιν, μίας μὲν καὶ τῆς αὐτῆς συστάσεως οὖσαι, οὐκέτι δὲ τιμῆς· ὅσῳ γὰρ ἑκάστη τῶν χωρῶν ἀπὸ γῆς ὑπερβέβηκε⟨ν⟩ [τῆς] ἑτέρας, τοσούτῳ καὶ ⟨αἱ⟩ ἐν αὐταῖς ψυχαὶ ⟨ἡ⟩ ἑτέρα τὴν ἑτέραν καθ᾽ ὑπεροχὴν λείπειν, ὦ τέκνον. [χώρα καὶ ψυχή.] 
25.14	τίνες μὲν οὖν εἰς ἑκάϲΤΗΝ τούτων ἀναλύουσι ψυχαί, ἐντεῦθέν σοι πάλιν, ὦ μεγαλόδοξε Ὧρε, καταλέγειν ἄρξομαι, ἄνωθεν ἐπὶ τὰ πρόσγεια τὴν τάξιν ποιουμένη.
26.1	Τὸ μεταξὺ γῆς καὶ οὐρανοῦ κεχωρίσται, τέκνον Ὧρε, πρὸς μέτρον καὶ ἁρμονίαν. αἱ δὲ χῶραι αὗται ὑπὸ τῶν προγόνων καλοῦνται ὑφ᾽ ὧν μὲν ζῶναι, ὑφ᾽ ὧν δὲ στερεώματα, ὑπὸ δὲ ἑτέρων πτυχαί. ἐν δὲ ταύταις φοιτῶσιν αἵ τε ἀπολελυμέναι τῶν σωμάτων ψυχαὶ αἵ τε μηδέπω ἑνσαωματισθεῖσαι. ἑκάστη δὲ τούτων, ὦ τέκνον, κατὰ τὴν ἀξίαν καὶ χώραν ἔχει, ὥστε τὰς μὲν θείας καὶ βασιλικὰς ἐν τῇ ὑπεράνω πάντων κατοικεῖν, τὰς δὲ ἐλαχίστας κατὰ τιμΉν, καὶ [τὰς ἄλλας] ὅσαι εἰσὶ χαμαιπετεῖς, ἐν τῇ ὑποκάτω πάντων, τὰς δὲ μέσας ⟨ἐν⟩ τῇ μέσῃ. 
26.2	αἱ μὲν οὖν εἰς τὸ ἄρχειν καταπεμπόμεναι, ὦ τέκνον Ὧρε, ἐκ τῶν ὑπεράνω ζωνῶν καταπέμπονται· αἳ καὶ λυθεῖσαι εἰς τὰς αὐτὰς ἢ καὶ ἔτι ὑπεράνω ἀνέρχονται, πλὴν εἰ μή τινές [ε]τι εἶεν ⟨παρὰ⟩ τὴν ἀξίαν τῆς ἑαυτῶν φύσεως καὶ τὴν τοῦ θείου νόμου παραγγελίαν πεπραχυῖαι· ⟨ταύτ⟩ας Γὰρ ἡ ἄνω πρόνοια πρὸς μέτρον τῶν ἁμαρτημάτων εἰς τὰς ὑποκάτω χώρας ἐξορίζει, ὥσπερ καὶ τὰς ὑποδεεστέρας δυνάμει τε καὶ ἀξίᾳ ⟨...⟩ ἐκ [γὰρ] κατωτέρων ἐπὶ [μείζονας καὶ] ὑψηλοτέρας ἀνάγει. 
26.3	⟨...⟩ εἰσὶ γὰρ ⎡ἄνωθεν οἱ⎤ ⟨...⟩, δορυφόροι ὄντες τῆς καθόλου προνοίας, ὧν ὁ μὲν ψυχοταμίας, ὁ δὲ ψυχοπομπός· καὶ ὁ μὲν ψυχοταμίας ⟨...⟩ ψυχῶν, ὁ δὲ ψυχοπομπὸς ἀποστολεύς τε καὶ διατάκτης τῶν ἐνσωματοΥμένων [ψυχῶν]· καὶ ὁ μὲν τηρεῖ, ὁ δὲ προίΗσσι κατὰ γνώμην τοῦ θεοῦ. 
26.4	⎡τῷ οὖν λόγῳ τούτῳ, ὦ παῖ, καὶ τῇ ἄνω τῶν πραγμάτων ἐξαλλαγῇ καὶ⎤ ἐπὶ γῆς ἐστιΝ ἡ φύσις, [[πλάστρια]] ⟨⟨σκηνοποιὸς⟩⟩ [γὰρ] οὖσα, καὶ [[σκηνοποιὸς]] ⟨⟨πλάστρια⟩⟩ ⟨τῶν⟩ ἀγγείων εἰς ⟨ἃ ἐμ⟩βάλλονται αἱ ψυχαί. παρεστᾶσι δὲ δύο ἐνέργειαι καὶ αὐτῇ, μνήμη καὶ ἐμπειρία. καὶ ἡ μὲν ΜνΉμη ἔργον ἔχει τοῦτο, ὅπως ἡ φύσις [τηρῇ καὶ] περικρατῇ τοῦ [τε ἑκάστου] τύπου ⟨τοῦ⟩ ἐξ ἀρχῆς καταβεβλημένου, καὶ τοῦ παρα⟨δείγ⟩ματος τοῦ ἄνω ⟨εἰκὼν⟩ γίγνΗται ⟨...⟩· ἡ δὲ ἐμπειρία, ὅπως πρὸς ἀνάλογον ἑκάστης τῶν καταβαινουσῶν ψυχῶν εἰς τὸ ⟨ἐν⟩σωμα[κ]τισθῆναι καὶ τὸ πλάσμα [ἐνεργῆ καὶ] γένηται, καὶ ταῖς μὲν ὀξέσι τῶν ψυχῶν ὀξέα γένηται καὶ τὰ σώματα, ταῖς δὲ βραδέσι βραδέα, ταῖς δὲ ἐνεργέσιν ἐνεργῆ, καὶ ταῖς νωθραῖς νωθρά, καὶ ταῖς δυναταῖς δυνατά, καὶ ταῖς δολίαις δόλια, καὶ ἁπαξαπλῶς ἑκάσταις κατὰ τὸ εἰκός. 
26.5	⟨...⟩ οὐ γὰρ ἀσκόπως πτηνὰ μὲν ἐπτίλωσε⟨ν ἡ φύσις⟩, [[λογικὰ δὲ περισσαῖς καὶ ἀκριβεστέραις αἰσθήσεσιν ἐκόσμησε,]] τετραπόδων Δὲ τὰ μὲν κέρασι, τὰ δὲ ὀδοῦσι, τὰ δὲ ὄνυξι καὶ ὁπλα⟨ί⟩ς ἐκαρτέρωσε. τὰ δὲ ἑρπετὰ ⎡εὐχαίτοις⎤ σώμασι καὶ [εὐ]ὑποχωρητ⟨ικ⟩οῖς ἐμαλάκυνε, καὶ ὅπως μὴ τ῀ιΗ τοῦ σώματος ὑγρότητ⟨ι⟩ τέλεον ἀσθενῆ ⎡διαμένῃ⎤, ὦν μὲν τὰ στόματα [καὶ τοῖς] ὀδοῦσιν ἐχαράκωσεν, ὧν δὲ τοὺς ὄγκους α᾽ΥξΉϲασ⟨α⟩ δύναμιν περιέθηκεν. [οὕτως τὰ μὲν τῇ τοῦ θανάτου εὐλαβείᾳ ⟨...⟩ ἰσχυρότερα τῶν ἄλλων.] τὰ δὲ νηκτά, δειλὰ ὄντα, ἐνοικεῖν ἔδωκε στοιχείῳ ἐν ᾧ τὸ [φῶς] ⟨πῦρ⟩ οὐδετέραν ὧν ἔχει δυνάμεων ἐνεργεῖν ἰσχύει· ⟨ἐν⟩ γὰρ ὕδατι τὸ πῦρ οὔτε φαίνει οὔτε καίει· ἕκαστον δὲ αὐτῶν [ἢ φολίσιν ἢ ἀκάνθαις] ἐν ὕδατι νηχόμενον φεύγει ὅπῃ ἂν θέλῃ, τὴν ἰδίαν περιβεβλημένον δειλίαν, καὶ σκεπαστήριον ἔχον εἰς τὸ μὴ ὁρᾶσθαι τὸ ὕδωρ. ⟨⟨λογικὰ δὲ περισσαῖς καὶ ἀκριβεστέραις αἰσθήσεσιν ἐκόσμησε,⟩⟩ ⟨...⟩. 
26.6	εἰς γὰρ ἕκαστον τῶν σωμάτων τούτων καθ᾽ ὁμοιότητα ἐγκλείονται αἱ ψυχαί, ὥστε εἰς μὲν ἀνθρώπους χωρεῖν τὰς κριτικάς· εἰς δὲ πτηνὰ τὰς ⎡ἀπανθρώπους⎤· εἰς δὲ τετράποδα ⟨τὰς⟩ ⎡ἀκρίτους⎤, νόμος γὰρ ἐκείνοις ἐστὶν ἡ ἰσχύς· εἰς δὲ ἑρπετὰ τὰς δολίας, οὐδὲν γὰρ αὐτῶν ἐξ ἐναντίου ἐπεξέρχεται τοῖς ἀνθρώποις, λοχήσαντα δὲ καταβάλλει· εἰς δὲ [τὰ] νηκτὰ τὰς δειλάς, καὶ ὅσα⟨ι⟩ τῶν λοιπῶν στοιχείων ἀπολαύειν ἀνάξια⟨ι⟩ τυγχάν⟨ου⟩ϲι. 
26.7	γίγνεται μὲν οὖν καὶ ἐν ἑκάστῳ ⟨γένει⟩ εὑρεῖν ζῷον τῇ ἰδίᾳ φύσει ⎡μὴ καταχρώμενον⎤.—Πῶς [πάλιν], ὦ τεκοῦσα; εἶπεν Ὧρος.—καὶ ἀπεκρίθη Ἶσις· Ὥστε ἄνθρωπον μέν, ὦ τέκνον, τὸ κριτικὸν ὑπερβῆναι, ⟨πτηνὸν δὲ...,⟩ τετράπουν δὲ τὴν ἀνάγκην παραλλάξαι, ἑρπετὸΝ δὲ τὸ δόλιον ἀπολέσαι, καὶ νηκτὸν τῆς δειλίας καταφρονῆσαι [καὶ πτηνὸν τῆς ἀπανθρωπίας ἐκπεσεῖν]. [[καὶ τὰ μὲν περὶ τῆς διαθέσεως τῶν ἄνω καὶ τῆς καταβάσεαως αὐτῶν καὶ τῆς σωματουργίας τοσαῦτα.]] 
26.8	συμβαίνει δέ, ὦ τέκνον, ἐν ἑκάστῳ εἴδει ⟨ἀνθρώπων⟩ εὑρίσκεσθαι [καὶ γένει τῶν προκειμένων] βασιλικάς τινας ψυχάς. [[καταβαίνειν δὲ καὶ ἄλλας ἀλλοίους, τὰς μὲν διαπύρου τὰς δὲ ψυχρὰς τὰς δὲ ὑπερηφάνους τὰς δὲ πραείας τὰς δὲ βαναύσους τὰς δὲ ἐμπείρους τὰς δὲ ἀπείρους τὰς δὲ ἀργὰς τὰς δὲ ἐνεργεῖς τὰς δὲ ἄλλο τι ἄλλως οὔσας. συμβαίνει δὲ τοῦτο παρὰ τὴν τῶν τόπων θέσιν ὅθεν εἰς τὸ ἐνσωματισθῆναι καὶ θάλλονται αἱ ψυχαί. αἱ μὲν γὰρ ἀπὸ βασιλικοῦ διαζώματος καταπηδῶσι τῆς ὁμοιοπάθους βασιλευούσης ψυχῆς.]] 
26.9	πολλαὶ γάρ εἰσι βασιλεῖαι· αἱ μὲν γάρ εἰσ⟨ι⟩ ⎡ψυχῶν αἱ δὲ σωμάτων,⎤ αἱ δὲ τέχνης ⟨κ⟩αὶ [δὲ] ἐπιστήμης, αἱ δὲ αὖ τῶν ⟨⟨καὶ [ἑαυ]τῶν⟩⟩. —Πῶς πάλιν; εἶπὲν Ὧρος [[καὶ ἑαυτῶν]].—Οἶον, ὦ τέκνον ῟Ωρ⟨ε⟩, ἀπογεγονότων [ἤδη ψυχῶν] μὲν ⟨βασιλεὺς⟩ Ὄ σιρις ὁ πατήρ σου, [σωμάτων] ⟨ζώντων⟩ δὲ ὁ ἑκάστου ἔθνους ἡγεμών· [βουλῆς δὲ ὁ πατὴρ πάντων·] καὶ καθηγητ⟨ικ⟩ῆς ὁ τρισμέγιστος Ἑρμῆς, ἰατρικῆς δὲ [ὁ] Ἀσκληπιὸς ὁ Hφαίστοιυἰσχύο. [ἰσχύος δὲ καὶ ῥώμης πάλιν Ὄσιρις, μεθ᾽ ὅν, ὦ τέκνον, αὐτὸς σύ· φιλοσοφίας δὲ Ἁρνεβεσχῆνις· ποιητικῆς δὲ πάλιν [ὁ] Ἀσκληπιὸς ⟨ὁ καὶ⟩ Ἰμούθης.] καθόλου γάρ, ὦ τέκνον, εὑρήσεις, ἐὰν ἐξετάϲῃς, πολλοὺς [καὶ] πολλῶν ἄρχοντας καὶ πολλοὺς πολλῶν βασιλεύοντας. 
26.10	ἀλλ᾽ ὁ μὲν πάντων κρατῶν, τέκνον, ἐκ τῆς ὑπεράνω χώρας ἐστίν, ο⟨ἱ⟩ δὲ τῶν κατὰ μέρος ⟨...⟩. ⎡ἐκείνην ἔσχε τὴν ἀφ᾽ οὗ τόπου ἐστὶν βασιλικωτέραν⎤. ⟨⟨ϲΥΜΒαίνει[ν] δὲ ⟨εὑρίσκεσθαι⟩ καὶ ἄλλας ἀλλοίας, τὰς μὲν διαπύρου⟨ς⟩ τὰς δὲ ψυχράς, τὰς δὲ ὑπερηφάνους τὰς δὲ πραείας [τὰς δὲ βαναύσους], τὰς δὲ ἐμπείρους τὰς δὲ ἀπείρους, [[τὰς δὲ ἀργὰς]] τὰς δὲ ἐνεργεῖς ⟨⟨τὰς δὲ ἀργάς⟩⟩, τὰς δὲ ⟨κατ᾽⟩ ἄλλο τι ἀλλοίας οὔσας· συμβαίνει δὲ ⟨καὶ⟩ τοῦτο παρὰ τὴν τῶν τόπων θέσιν ὅθεν εἰς τὸ ἐνσωματισθῆναι κα[ι]θάλλονται αἱ ψυχαί. οἱ μὲν γὰρ ἀπὸ βασιλικοῦ διαζώματος καταπηδΉσ⟨α⟩Ντες ⎡ὁμοιοπάθους⎤ βασιλεύουσΙΝ [ψυχῆς]⟩⟩·
26.11	[[διαζώματος τετευχότες πυρὸς ἐργάται γίγνονται καὶ τροφῆς]] [οἱ δὲ ἀπὸ ὑγροῦ ἐν ὑγροῖς διαζώμασιν] οἱ δὲ ἀπὸ ἐπιστημονικοῦ καὶ τεχνικοῦ περὶ ἐπιστήμας καταγίγνονται καὶ τέχνας, ⟨οἱ δὲ ἀπὸ ἐνεργοῦς⟩ ⟨⟨διαζώματος ⟨κα⟩τελΗλΥΘότες [πυρὸς] ἐργάται γίγνονται καὶ τροφεῖς,⟩⟩ οἱ δὲ ἀπὸ ἀργοῦ ἀργῶς καὶ ἐπιρρεμβῶς διαζῶσι. πάντων γὰρ τῶν ἐπὶ γῆς, ὦ τέκνον, [διὰ λόγου καὶ ἔργου πραΤΤΟΜέΝων] ἄνω εἰσὶν αἱ πηγαί, μέτρῳ καὶ σταθμῷ ἐπιχύνουσαι ἡμῖν τὰς ’οὐσίας καὶ οὐκ ἔστιν ὃ μὴ ἄνωθεν καταβέβηκε. 
26.12	καὶ πάλιν ἀνέρχεται ⟨πάντα ἐκεῖσε ὅθεν⟩ [ἵνα] κατέβη. —Πῶς [πάλιν] λέγεις τοῦτο, ὦ τεκοῦσα; παράδειξον.—Καὶ ἀπεκρίθη Ἶσις [πάλιν]· Τῆς παλινδρομίας ἐναργὲς τοῦτο σημεῖον τοῖς ζῴοις ἐνέθηκεν ἡ ἱερωτάτη φύσις· τοῦτο γὰρ ὅ σπῶμεν ἄνωθεν ἐξ ἀέρος πνεῦμα, τοῦτο πάλιν ἄνω πέμπομεν, ⟨ὅθ⟩εν ἐλάβομεν. καὶ εἰσίν, ὦ τέκνον, τούτου τοῦ ἐνεργήματος τεχνίτιδες ἐν ἡμῖν φῦσαι· αἳ ἐπειδὰν μΎσωσι τὰ δεκτικὰ [ἑαυτῶν] τοῦ πνεύματος στόματα, τότε ⟨αὐτοὶ⟩ ἡμεῖς οὐκέτι ὧδέ ἐσμεν, ἀλλ᾽ ἀναβεβήκαμεν. 
26.13	⟨⟨καὶ τὰ μὲν περὶ τῆς διαθέσεως τῶν ἄνω καὶ τῆς καταβάσεως αὐτῶν [καὶ τῆς σωματουργίας] τοσαῦτα.⟩⟩ προσεπιγίγνεται δέ, ὦ παῖ μεγαλόδοξε, καὶ ἕτερά τινα ἡμῖν ἐκ τ῀Ης τοῦ φυράματος συσταθμίας.—Τί δέ ἐστιν, Ὧρος εἶπε, τὸ φύραμα τοῦτο, ὦ τεκοῦσα;—Σύνοδός ἐστι καὶ κρᾶσις τῶν τεσσάρων στοιχείων, ἐξ ἧς [κράσεως καὶ συνόδου] ἀναθυμιᾶταί τις ἀτμός, ὃς περιειλεῖται μὲν τῇ ψυχῇ, διατρέχει δὲ ἐν ⟨τῷ⟩ σώματι, ἀμφοτέροις μεταδιδοὺς [τουτέστι τῷ σώματι καὶ τῇ ψυχῇ] τῆς ἰδίας ποιότητος· καὶ οὕτως αἱ διαφοραὶ τῶν ψυχικῶν καὶ σωματικῶν ⎡ἐναλλοιώσεων⎤ γίνονται. 
26.14	εἰ μὲν γὰρ κατὰ τὴν σωματικὴν ⎡διάπηξιν⎤ πλεονάσειε τὸ πῦρ, τὸ τηνικαῦτα ἡ ψυχὴ θερμὴ τὴν φύσιν ὑπάρχουσα καὶ ἕτερον θερμὸν προσλαβοῦσα [ἐκπυρωδεστέρα γενομένη] ποιεῖ τὸ ζῷον ἐΝεργότερον καὶ θυμικόν [τὸ δὲ σῶμα ὀξὺ καὶ εὐκίνητον]. 
26.15	εἰ δὲ πλεονάσειεν ὁ ἀήρ, τὸ τηνικαῦτα [καὶ] κοῦφον καὶ πηδητικὸν καὶ ἀνέδραστον γίνεται τὸ ζῷον καὶ ψυχῇ καὶ σώματι. 
26.16	εἰ δὲ τὸ ὕδωρ πλεονάσειε, τὸ τηνικαῦτα [καὶ] τὸ ζῷον τῇ μὲν ψυχῇ γίγνεται εὔ[χ]ρουν [καὶ εὐφυὲς] καὶ εὐπερίχυτον, ἱκανῶς τε τοῖς ἄλλοις ἐπιπεσεῖν καὶ κολληθῆναι δυνάμενον, διὰ τὸ πρὸς τὰ ἄλλα [ἑνωτικὸν καὶ] κοινωνικὸν τοῦ ὕδατος· [ἐφιζάνει] ⟨ἑνοῦται⟩ γὰρ πᾶσι, καὶ πολὺ μὲν ὂν ⟨⟨καὶ περιλαΒὸΝ⟩⟩ εἰς ἑαυτὸ[ν] ἀναλύει [[καὶ περιλαμβάνει]], ὀλίγον δ᾽ ὑπάρχον καὶ καταδὺ[σα]ν ἐκεῖνο γίγνεται ᾧ ἐμίγη. τὰ μέντοι σώματα ὑπὸ τῆς πλαδαρότητος καὶ χαυνότητος εἰς περίσφιγξιν οὐ ⟨συ⟩νάγεται, ἀλλὰ μικρᾷ τινι [νόσου] ἀφορμῇ λύεται [καὶ τοῦ ἰδίου συνδέσμου κατ᾽ ὀλίγον ἐκπίπτει]. 
26.17	εἰ δὲ τὸ γεῶδες πλεονάσειε, τὸ τηνικαῦτα ἀμβλεῖα [μὲν] τοῦ ζῴου ἡ ψυχὴ γίνεται, οὐκ ἔχουσα τὴν [σωματικὴν] ⟨ἰδίαν⟩ ἀραιότητα εὔλυτον, [οὐδὲ ⎡τοῦ δι᾽ οὗ⎤ ⟨ἐκ⟩πηδῆσαι ⟨δύνα⟩ται, πεπαχυ⟨σ⟩μένων τῶν αἰσθητικῶν μερῶν, ἀλλ᾽ ἔνδον μένει παρ᾽ ἑαυτῇ,] ⟨ἀλλὰ⟩ ὑπὸ [βάρους καὶ] ⟨τῆς⟩ πυκνότητος ⟨τοῦ...⟩ πεδηθεῖσα· τὸ δὲ σῶμα στερεὸν μέν, ἀλλὰ ἀργὸν καὶ βαρύ, καὶ μετὰ βίας ὑπὸ τῆς προαιρέσεαως μετακινούμενον. 
26.18	εἰ δὲ σύμμετρος γένοιτο ἡ. πάντων ⟨σύ⟩στασις, τότε τὸ ζῷον θερμὸν ⟨μὲν⟩ εἰς πρᾶξιν, κοῦφον δὲ εἰς κίνησιν, ⎡εὔκρατον⎤ δὲ εἰς ⎡ἁφήν⎤, ⎡γενναῖον⎤ δὲ εἰϲ τῆξιν κατασκευάζεται. 
26.27x	⟨⟨[αὐ]τὸ μὲν γὰρ [τὸ] γεῶδές ἐστιν ἡ τοῦ σώματος πῆξις, τὸ δὲ ὑγρὸν ἡ ἐν τούτῳ ἐστὶν εἰς ⎡συμπαγίαν⎤ περίχυσις, τὸ [γὰρ] ⟨δὲ⟩ ἀερῶδές ἐστι τὸ ἐν ἡμῖν κινητικόν, καὶ τούτων πάντων διεγερτικὸν τὸ πῦρ.⟩⟩ 
26.19	ὅσα οὖν [τῷδε τῷ λόγῳ] κεκοινώνηκε πλείονος μὲν πυρὸς καὶ πνεύματος, ⟨ὀλίγου δὲ ὕδατος καὶ γῆς,⟩ ταῦτα ἀπωρνέωται, καὶ ἄνω παρ᾽ ἐκείνοις πολιτεύεται τοῖς στοιχείοις ἐξ ὧν καὶ ἐγένετο. 
26.20	ὅσα δὲ πλείονος μὲν πυρός, ὀλίγου δὲ πνεύματος, ὕδατος δὲ ⟨μετρίου⟩ καὶ γῆς ἴσης, ταῦτα ἀπηνθρώπισται· καὶ τῴ ζῴῳ τὸ περισσὸν τοῦ θερμοῦ εἰς σύνεσιν ἐτράπη. ὁ γὰρ ἐν ἡμῖν νοῦς θερμόν τι χρῆμά ἐστιν, ὃ καίειν μὲν οὐκ οἶδε, διαδύνει δὲ [κατὰ] ⟨διὰ⟩ πάντων [καὶ ἐπίσταται]. 
26.21	ὅσα δὲ πλείονος μὲν ὕδατος, πλείονος δὲ γῆς, [μετρίου δὲ] ⟨⟨ὀλίγου δὲ⟩⟩ πνεύματος καὶ [[ὀλίγου δὲ]] πυρός, ταῦτα ⟨ἀπο⟩τεθηρίωται· τῇ δὲ τοῦ θερμοῦ παρ[ι]ουσίᾳ ἀλκιμώτερα γέγονε τῶν ἄλλων. 
26.22	ὅσα δὲ γῆς ⟨μὲν⟩ καὶ ὕδατος [ἴσων] ⟨πλείονος⟩ κεκοινώνηκε, ⟨πνεύματος δὲ μετρίου, πυρὸς δὲ οὐδενός,⟩ ταῦτα φuρηπ⟨έτ⟩ωται· καὶ τῇ ⟨μὲν⟩ τοῦ πυρὸς στερήσει ἄτολμα γέγονε καὶ ἀπαρρησίαστα, τῇ δὲ τοῦ ὕδατος [[κοινωνίᾳ]] ⟨περιουσίᾳ⟩ [ψ] ὑΓρὰ ἐγένετο, τῇ δὲ τῆς γῆς βαρέα καὶ νωθρά, τῇ δὲ τοῦ πνεύματος ⟨⟨κοινωνίᾳ⟩⟩ ⎡εὐκίνητα εἰ προαιρέσει τὸ κινεῖσθαι⎤. 
26.23	ὅσα δὲ πλείονος μὲν ὑγροῦ, ὀλίγου δὲ ξηροῦ, ⟨πυρὸς δὲ καὶ πνεύματος οὐδενός,⟩ ταῦτα ἀπιχθύωται· καὶ τῇ μὲν τοῦ θερμοῦ καὶ ἀέρος στερήσει δειλά ἐστι καὶ ⟨κατ⟩αδυτ⟨ικ⟩ά, τῆ δὲ τοῦ ὑγροῦ περιουσίᾳ καὶ τῇ τοῦ γεώδους παρ[ι]ουσίᾳ ἐν ⎡λελυμένῃ γῇ καὶ⎤ ὕδατι διὰ τὸ συγγενὲς κατοικεῖ. 
26.24	⎡καὶ πρὸς μὲν τὴν τοῦ ἑκάστου στοιχείου μοῖραν καὶ τῆς μοίρας τὴν περιοχὴν καὶ τὰ σώματα ἡλικιάζεται καὶ πρὸς τὴν ὀλιγομετρίαν τὰ λοιπὰ ζῷα μεμετροποίηται πρὸς ἐνέργειαν τὴν ἑκάστῳ τῶν στοιχείων οὐσιομετρίας⎤· 
26.25	καὶ ἔτι ⟨τόδε⟩, ὦ παῖ περιπόθητε, λέγω, ὅτι [ἐκ ταύτης τῆς οὕτω συστάσεως] [ἡ κατὰ τὴν πρώτην σύνοδον γενομένη κρᾶσις καὶ ὁ ἐκ ταύτης ἀναθυμιώμενος ἀτμός] ἐφ᾽ ὅσον ⟨μὲν τὸ φύραμα⟩ τὴν ἰδίαν τηρεῖ ποιότητα, ὥστε τὸ μὲν [θερμὸν] ⟨πῦρ⟩ ἕτερον μὴ λαβεῖν θερμόν, [καὶ] ⟨μηδὲ⟩ τὸ [[ἀερῶδες]] πνεῦμα ἕτερον ⟨⟨ἀερῶδες⟩⟩, μηδὲ τὸ ὑγρὸν ἑτέραν ὙΓρασίαν, μηδὲ τὸ γεῶδες ἑτέραν πυκνότητα, τὸ τηνικαῦτα τὸ ζῷον ὑγιαίνει· ἐπὰν [γὰρ] ⟨δὲ⟩ μὴ οὕτως μένῃ, ὦ τέκνον, ἐφ᾽ οἷς ἔσχεν ἐξ ἀρχῆς μέτροις, ἀλλ᾽ ἤτοι πλεονάσῃ τούτω⟨ν τι ἢ ἐλαττωθῇ⟩, οὐκ ⎡ἐνεργείᾳ [λ] λέγω τὴν περιοχήν⎤, οὐδὲ τῇ κατ᾽ αὔξησιν γινομένῃ μεταβολῇ [τοῦ γένους καὶ] τῶν σωμάτων, ἀλλὰ τῇ [ὡς προέφημεν] συστατικῇ τῶν στοιχείων κράσει, ὥστε τὸ μὲν θερμὸν ἐπὶ πλέον αὐξηθῆναι ἢ [ἐπὶ πλέον] ἐλαττωθῆναι, τὰ δὲ ἄλλα ὁμοίως, ⟨τὸ⟩ τηνικαῦτα [οὕτως] νο⟨σ⟩εῖ τὸ ζῷον. 
26.26	[ἐπὰν γὰρ οὕτως διατεθῇ τό τε θερμὸν καὶ τὸ ἀερῶδες, ἃ δὴ σύσκηνά ἐστι τῆς ψυχῆς, τότε ἐν ⎡ἀλληγορίαις⎤ καὶ ἐκστάσεσι γίγνεται τὸ ζῷον.] [πεπύκνωται γὰρ τὰ στοιχεῖα δι᾽ ὧν διαφθείρεται τὰ σώματα.] 
26.27	[[αὐτὸ μὲν γὰρ τὸ γεῶδές ἐστιν ἡ τοῦ σώματος πῆξις, τὸ δὲ ὑγρὸν ἡ ἐν τούτῳ ἐστὶν εἰς συμπαγίαν περίχυσις, τὸ γὰρ ἀερῶδές ἐστι τὸ ἐν ἡμῖν κινητικόν, καὶ τούτων πάντων διεγερτικὸν τὸ πῦρ.]] 
26.28	ὥσπερ οὖν ὁ ἐκ τῆς πρώτης συνόδου καὶ κράσεως τῶν στοιχείων γιγνόμενος ἀτμός [καὶ ὡσανεὶ ἔξαψις καὶ ἀναθυμίασις,] ὁποῖος [ε]ἂν ᾖ, παραμιγεὶς τῇ ψυχῇ, ἄγει [ε]αὐτὴν εἰς ἑαυτόν, [ὡς ἂν ἔχῃ φύσεως, εἴτε σπουδαίως εἴτε μή], ⟨οὕτω καὶ...⟩. 
26.29	τῇ ⟨μὲν⟩ γὰρ ἐξ ἀρχῆς ⟨...⟩ [πρὸς αὐτὸν οἰκειότητι καὶ συντροφίᾳ] ἐπιμένουσα ἡ ψυχὴ τὴν τάξιν διατηρεῖ· ὅταν δὲ ἐπιπροσγένηται ἤτοι τῷ ὅλῳ συγκράματι ἢ καὶ [μέρεσιν ἢ] μέρει ⟨τινὶ⟩ αὐτοῦ ἔξωθέν τις πλείω⟨ν⟩ μοῖρα τοῦ προκαταβεβλημένου, ⟨τό⟩τε ⟨⟨μεταλλοιούμενος⟩⟩ [[καὶ]] ὁ ἐντεῦθεν [[μεταλλοιούμενος]] ⟨γιγνόμενος⟩ ἀτμὸς μεταλλοιοῖ ⟨⟨καὶ⟩⟩ [ἤτοι] τὴν τῆς ψυχῆς διάθεσιν [ἢ τὴν τοῦ σώματος]. 
26.30	[τὸ ⟨μὲν⟩ γὰρ πῦρ καὶ τὸ πνεῦμα, ἀνωφερῆ ὄντα, ἐπὶ τὴν ψυχήν, ὁμ[οι]όχωρον αὐτοῖς ὑπάρχουσαν, ἀνατρέχει, τὸ δὲ ὑγρὸν καὶ τὸ γεῶδες, κατωφερῆ ὄντα, τῷ σώματι, ὁμοέδρῳ ὄντι, ἐφιζάνει]. 
27.1	ἔλεγχος γὰρ ἐπιγνωσθείς, ὦ μέγιστε βασιλεῦ, εἰς ⎡ἐπιθυμίαν⎤ φέρει τὸν ἐλεγχθέντα ὧν πρότερον οὐκ ᾔδει.
28.1	Θαλῆς, ἐρωτηθεὶς τί πρεσβύτατον τῶν ὄντων, ἀπεκρίνατο· Θεός, ἀγέννητον γάρ. Σωκράτης, ἐρωτηθεὶς τί θεός, εἶπε· Τὸ ἀθάνατον καὶ ἀίδιον. Ἑρμῆς, ἐρωτηθεὶς τί θεός, εἶπεν· Ὁ τῶν ὅλων δημιουργός, σοφώτατος νοῦς καὶ ἀίδιος.
29.1	ἑπτὰ πολυπλανέες κατ᾽ Ὀλύμπιον ἀστέρες οὐδὸν εἱλεῦνται, μετὰ τοῖσιν ἀεὶ περινί⟨σ⟩σεται αἰών· νυκτιφανὴς Μήνη, στυγνὸς Κρόνος, Ἥλιος ἡδύς, ⎡παστοφόρος⎤ Παφίη, θρασὺς Ἄρης, εὔπτερος Ἑρμῆς, καὶ Ζεὺς ἀρχιγένεθλος, ἀφ᾽ οὗ φύσις ἐβλάστησεν. οἱ δ᾽ αὐτοὶ μερόπων ἔλαχον γένος, ἔστι δ᾽ ἐν ἡμῖν Μήνη, Ζεύς, Ἄρης, Παφίη, Κρόνος, Ἥλιος, Ἑρμῆς. τοὔνεκ᾽ ἀπ᾽ αἰθερίου ⎡μεμερίσμεθα⎤ πνεύματος ἕλκειν δάκρυ, γέλωτα, χόλον, γένεσιν, λόγον, ὕπνον, ὄρεξιν. δάκρυ μέν ἐστι Κρόνος, Ζεὺς ⎡δὴ⎤ γένεσις, λόγος Ἑρμῆς, θυμὸς Ἄρης, Μήνη δ᾽ ἄρ᾽ ὕπνος, Κυθέρεια δ᾽ ὄρεξις, Ἠέλιος δὲ γέλως· τούτῳ γὰρ ἅπασα ⎡δικαίως⎤ καὶ θνητὴ διάνοια γελᾷ καὶ κόσμος ἀπείρων.
